57.44588281536644 75.91816235758913 69.9788313888073 61.441024395673686 58.37981480264236 51.63883811773942 67.8026570958937 66.94155527617652 76.20488801591085 71.80125807004343 56.80502290648111 46.15749626751069 68.69835432171519 67.9033933160128 62.5325182869704 35.10263573960441 48.381848911358816 33.98039735225589 42.76251500145304 42.71999756083722
49.49991881810911 53.944867239646946 61.28129154107995 57.321880416606454 53.07271229855224 57.977430596562925 58.684018421296074 67.51130103585749 73.30013697136854 71.42117892310914 61.895441241828536 66.22956450467849 69.24829670397884 67.34821710251714 51.717052877641976 65.15964529536173 58.401928994391426 39.726832443683165 50.51714802674712 60.783835501814394
55.56888327913265 63.14639020273867 59.49835561050557 63.188230876231174 61.6609897856475 62.06361993019208 58.22863547140968 57.864470834914144 60.65646633427162 65.50895980270067 66.69345879076131 79.32820477993523 79.01196943085253 70.7077527509903 65.29676368546544 80.45011463157988 64.45763456027719 50.865212642207055 45.64278421185164 53.012070078025744
51.67611931532181 66.33122375782492 63.173834767220306 54.71477947001579 50.68465681224903 55.93659723087925 61.41850030149935 65.67365122378199 79.76665038614725 69.74233696816972 70.00138106954847 75.521825050334 77.76634003588411 72.02693881288945 69.93250135393065 66.28067064752263 66.07113667576095 49.47583092114332 50.171847435413916 42.3687031449804
23.736525410309163 31.199116941937394 39.4348729748662 37.97002027407995 44.975881878800585 53.03541205033676 60.0348180107463 74.88753634870082 65.46427898751271 71.95240095906664 80.08247738075245 79.1228995526408 82.16642215820296 71.47959452272758 47.49198917460968 57.454681267030935 64.47357645246835 26.410698897707555 35.47519460385329 35.64095233299072
24.479450030279246 39.074276305032406 34.78415728690138 50.37843763845632 60.9674459540856 70.5427749525048 68.16241389118866 75.48375165649749 72.00038859840654 66.92925998982082 75.3212421985882 73.88068119593606 65.73749538661502 49.570028818878995 35.687681122819704 48.26662150138916 37.23351913392973 35.2658064546327 40.332492560084766 31.452158235486714
55.17159505948999 51.26637550945964 61.0652469196933 60.58590432428782 74.59102017799755 75.4731362082441 75.35924343218726 75.60785199778081 68.26602198086495 60.4541854589621 63.852612608856056 66.64569225027994 64.53039520378144 56.96898584938704 45.79305216358276 41.90089203132147 45.284816920442616 57.012622160510624 74.35469343577509 51.820994086639125
55.91802655181734 47.33081363236416 69.91082755677955 66.66557761657788 83.10392728264019 85.8508610376053 67.40748992754293 70.9443735193929 67.85529970780085 69.67320042188783 47.44291290359748 41.151034440729056 30.251318032019586 29.967421345330983 35.69150156933212 40.32584381259653 51.93072931968975 62.275832977687735 69.16397579074633 64.99795287141052
58.56600433466308 60.79039698031946 55.50353495243478 50.37868482244349 57.7655182053068 60.78166018471593 66.5605025263293 72.37490834276086 72.67755181658505 66.7496547285742 57.42485979000769 55.82194693172179 52.32635425483516 35.1406605676429 41.114653390356764 38.7409310068918 43.80421541462994 45.94040419533365 37.44556814857329 26.546527137184874
13.911722687298498 24.866431641790413 31.044794508599868 60.65961967873824 68.88587626309088 69.23847839596522 68.43088933833893 69.99367420171208 50.19833730934265 65.30734118349929 39.79996456971473 54.792397345479166 58.33061761732064 71.51571482895358 46.25819930722474 48.08720952845414 54.047765635113194 54.04666331517762 49.46159013335712 51.75648971040473
