55.951233091843534 74.29581283951117 68.67250556369709 61.01582381594131 57.48884326337388 52.9950379749134 69.16724282983574 66.79820265097543 76.01089598681163 71.70950981416019 58.060316446397174 47.250551920581906 69.8414182643561 66.32255342149581 61.885070419304654 33.68552718239914 50.031624256719596 32.45762429337967 41.52586179735694 42.923170162554804
49.40761004471711 54.280086105161395 59.74618226007068 58.553131175298915 51.13681447510019 56.46739351389407 58.39417720259503 67.42207247224204 72.69432432181213 71.33420934379687 62.20387915087017 66.9013912863476 67.82629433612107 66.8665690732649 50.07981752596448 64.97914301680883 58.5799748858141 38.852447448158536 50.35842127107168 62.572416535331456
54.66008147192872 61.34045940435313 60.91448579783226 64.49420007620778 61.33295353191497 63.0660448453984 56.91227271886537 57.80212521775487 59.272127105492075 66.44132018483819 67.68389598563738 80.84807798116093 80.48552655246061 71.99062392609824 64.25594268738354 81.63923186125531 65.87092157366031 50.03871581185059 47.378159901543505 52.26327916942802
50.146597086234785 65.72851365049785 64.57134517932187 53.36865951784106 50.13967473057337 56.89811564178576 61.331094259009475 66.83895818264847 81.04335004828074 69.45281858584752 69.77905494899628 74.43295402656213 79.56849509171175 71.18253351770842 71.88351882572474 67.58078182051277 65.29543753677382 48.88189435696102 48.69768789797152 40.89208104426624
22.92241793825262 30.007841916985193 38.87995457621382 39.45756540373885 45.53200236788035 51.59805497664949 61.446707691711204 75.50336864554947 63.878268936681565 70.51142953971369 81.17666718973446 79.99818777743585 81.54514620628554 71.3870503940401 47.72318361773684 58.713547525113405 63.21392259970797 25.94312545534872 34.76144306392411 36.571936997203224
23.908744154686275 39.619614094037715 33.319607690111305 51.841173407493294 59.017862393864604 68.74240461916398 67.8543287961985 76.27255104565837 72.54170962318561 68.57579361875557 73.93845477302955 72.78811197778329 65.26859011455629 51.335176712230506 36.12882256025355 48.138096413337 35.97915767603779 35.628373411180824 41.74533247872924 31.32976839914861
54.2611376633411 49.71878438988858 61.107910251378144 59.00351649383686 76.47728742190331 74.03995957227886 73.50005282607545 74.4644023740147 68.51537152786538 60.337363908989325 62.99560265792363 66.57899382944213 65.0459448870213 58.86927048940948 44.49073266685257 43.81359379675526 43.449748237082666 55.47740262239906 73.01574738795821 50.291057342662555
54.74269053533061 47.47428506690998 70.78026708672233 65.3750003544104 84.96615211736878 85.58074386063532 66.04172146706733 71.54041989792547 68.47657052198522 67.67605446606754 46.112322437031494 42.974961415885424 32.16569706468436 31.45802103685154 34.783633032805625 39.26959696687363 51.17869789498973 61.41964858155823 69.48298630067536 63.55774076710158
60.08471739932244 60.51360864994996 53.953658335843755 51.3762542385877 57.82400038974367 61.68958784553455 65.80814599796835 73.33795098698634 71.21387998482022 65.98801172357099 56.95938934574906 55.42508705061828 51.97978162858742 33.677803365484 42.403881511752644 39.09322843289326 43.66363548670653 44.070919307478555 38.43620963689531 25.53015853138605
12.021494757042836 26.440092589139603 29.2341123476399 61.1874466598481 69.144704893152 69.23811213819022 69.72199549632396 69.13859216312767 51.814833152368514 63.43356756846496 40.080742664595704 53.066481020283874 56.64777969720723 70.40126106601042 46.94756618999513 47.56790246069807 53.02199553604939 53.25739236775544 51.43551461401698 50.255326459839964
