52.54760279851706 71.69833135843596 65.58323636567577 64.45041641894079 60.000209002137275 48.25288361112115 73.05154103399055 66.36770175687252 79.6225935563035 72.40556084008051 51.370019987498054 50.716231951321454 75.30656122524798 67.53673672915916 60.12200662849425 31.643590166439605 53.70106646442179 31.586016017091403 39.12120242662457 42.6905804711956
49.87602263376165 48.24352271939758 64.97845060397054 54.37420757896514 51.18604824047539 59.43042186810571 59.192264025905104 70.71965751851641 73.62895147554434 66.04441888206459 61.29119760353731 79.98540157337627 66.62198010632112 62.90435322117487 49.66610488550979 58.15695966492688 57.09958939620971 38.99217533812725 48.496603632539774 65.46956391029805
53.57060273061928 67.71633513886488 64.35225602178889 66.85570659525912 69.55948769173806 61.46713915281873 63.30687426302659 64.72036457113758 53.64687425753139 63.34758266385441 66.71937010055038 79.76464142960047 82.45300376791961 71.11242551805974 64.09371523441001 82.0418873872425 64.02524472348665 43.920784841822325 48.51940164114185 54.927991195375704
51.005760313183615 61.535246427616585 64.86354750560156 47.49980094837022 46.28691042484655 59.61317250799375 55.67783639947853 62.58228851067177 79.97243993240563 68.81597184275117 65.35829796113185 71.6510309296279 79.64878249179696 70.09923720005041 73.53183680379863 63.47101598517735 61.87872249624582 49.30312288918812 44.55668520935639 41.42082619356149
22.508359597517597 34.49646677799497 42.55462506046112 40.100968779672925 45.16514896030213 52.31785505479358 67.44425240548559 69.63719655668119 61.659056754145006 67.24070214704915 83.24781667244687 83.60183918861061 79.81172087692713 71.0665127730211 47.859392303640576 60.321589665839944 64.00553666225125 25.642015493238826 35.50446698900903 40.48815185785446
28.604653265437214 39.76980255423936 34.24231519178457 54.741450122969034 53.80575577836307 69.76899625901024 69.55867664407506 74.07138904295316 74.83908194752141 68.39959331632639 69.32959808358302 73.67988025882202 65.52584699691452 53.27493807872207 40.5428189906544 51.94269910114661 34.66678785597413 35.271408886921854 38.29722236731089 33.850795990260096
52.88041593212824 54.16625032826899 69.78648704651347 59.401697533245084 77.74891102927918 75.40052012696592 70.97267848677879 71.644568364744 67.04640574741174 59.083693748894156 67.92678874654783 63.112766725624496 59.926022494408315 57.48825017161233 43.51698756240154 52.15421564989428 40.367641509861976 54.34513576754449 71.23130349432503 49.67888531088198
50.3574110528717 43.95362487727494 64.77610760841928 66.13452635155534 80.80581483662732 80.6981877010338 67.17117235116541 69.59092413447812 67.68669760219119 63.145914953362336 44.15370314093142 42.07945857185413 29.535310919118107 31.47078376505837 36.73004196720586 34.79854476444287 55.563140315493754 60.16594813497685 68.66102679976305 62.102895787098156
61.97297804108635 62.297109107325994 54.9689641652708 51.11960926048191 55.66386976105575 64.28606621712277 64.33275697391079 74.74112728843598 69.76825300376463 66.57355136306458 55.63562402643677 55.58496069341564 51.03019321491086 34.60731859448963 35.72458957739622 38.68854277506401 42.023221592618235 46.586288388392674 39.06395001201124 30.54997568423188
10.059296151188246 32.757778735660324 25.807423686515705 59.1583038175864 69.21918686478371 63.20925814031841 65.39873988754209 66.23044439745102 50.61487150639675 65.05707084572225 50.431435271821265 57.24406086922743 53.68076303704235 71.58585586599618 45.85436828832867 49.554250036463465 53.05880080256009 50.15064080213601 45.71151094845732 46.44963794966079
