53.22386723189321 70.74138121513346 64.02232804896543 62.92222246686057 59.26356997274883 48.402832367109866 72.743230222278 66.34953971938313 81.21823222946952 70.71639877719728 50.80847277645714 50.73519477877417 73.97493906018072 66.28509159415268 61.05920456108527 31.205011444426276 54.107629906626386 32.02150442731286 40.22660035023418 44.44760482727844
51.58807623984472 47.98529724294393 64.2470037463508 56.14769116742011 49.376112636800876 58.85961073464489 59.89925894552206 71.92958584999114 74.61400735021999 65.11805260693323 62.192256691981434 80.98545282170274 67.64594031563524 63.6410704690436 50.42323666711479 57.116409845776495 56.9534172464945 37.320019605508364 47.495889622954124 67.32352210659799
51.72807182414515 67.8084031798373 63.64137957447835 66.4636977056118 67.59647448520263 61.695426292638494 62.54484342387378 63.542935730533834 53.4444816941274 62.04535362725805 68.22266081239154 79.51016649367578 80.59617978132694 69.7727029880567 65.33234998040075 83.07210020761714 62.13726869586711 45.18262348417198 49.07086433148363 55.00305572357394
49.69972972485377 60.74468419109755 66.2267112863412 49.3596442553808 47.90751839811423 58.25594233489598 56.18065372725135 64.33469078070395 80.59820456296238 70.57140099993632 66.21808469321499 70.26553585890956 78.2621277811166 72.09484124737035 72.6197226914435 63.37403717156886 62.89120954254292 48.20832268578291 42.8661305879453 42.47866258186263
23.858682103402238 35.16684582912403 41.82765339771382 41.4480076806814 44.81236955063278 51.51232302773624 67.93613526813044 69.5048180642001 63.189090560192895 67.75352684745029 84.3138272544921 85.22113022118862 79.02729630314693 71.9979662787208 49.180130397988 60.557303023855845 63.82610961826475 24.377162597941805 34.05180713276854 39.05147693843002
29.60581772075429 40.64289530542802 32.726779481225954 54.60773883715684 52.08198663374037 69.96579318326665 67.98378981049628 74.37312816094017 73.38786861588416 69.86434455121594 67.84434158486928 72.12556543760357 65.10585812996881 53.52383254142082 40.80304986586057 51.76912307498348 34.77863031461559 35.89028903209192 39.10109726703865 33.02986709152084
52.74455831520787 52.701735165677015 69.32745391988415 60.41478124721184 78.88104825052135 74.58543103340341 69.18901961114122 71.79243937746784 68.85363963532704 57.334494373681125 67.47174390936436 64.62251006141743 59.26780298121169 58.52113323905059 44.020333083273094 53.35189586209008 40.371502303254935 54.87068140615536 69.3362175214207 49.481573520228636
50.52534578511219 44.79056930193883 65.69056044588255 64.78364090973814 78.84898995862672 81.15414014322006 68.75042599818863 70.68827126241493 68.61740573758632 63.014440413645005 45.090616499528196 41.85105462303576 30.24293007513343 31.13003412180781 35.81693261313591 34.76568821672704 55.574535237132274 58.95462418916019 69.4940811658633 62.384174348051864
61.44509002271839 64.05495231381012 54.259069018352506 52.846621416950924 54.64527079836921 63.67893870539514 63.352240804795066 74.9806844003362 68.33583389042522 68.35433573107028 56.57060360109634 54.0899776460374 49.69597942741822 34.83600912448945 34.544346524656 38.14962603755678 41.5512698427342 44.9034709155792 37.267794449791225 29.974931989828303
11.2274937277517 31.885707396904955 25.465309915590957 57.42110781881091 69.36004967896977 61.22823035032578 66.29318979275442 64.61829442577432 51.55193988630463 65.90414714782362 51.130255342935776 57.59052717522431 54.16170331516893 72.98570676357423 47.41622085185954 48.36255970946742 52.89207032121862 51.93323730135347 44.67715751780061 46.42644103090699
