54.080510789780355 72.27380351811988 64.09796635304362 62.75746785147022 59.877041693925634 50.1957884380981 70.7471457432244 67.35644015604223 79.88955011496772 69.01784320263815 52.06587576981716 50.50778126473865 74.37650459064234 65.73060914220368 60.40872135966367 30.520652019409802 55.24047193728685 30.090239368740193 39.2473527989572 46.11075938054638
52.052903199818346 49.19383386276804 62.881518102726915 55.05005835565838 47.908194406610754 57.96689243202444 61.53814207998819 73.60737472312093 76.05751113716008 63.967045497434135 60.51830339586916 81.87198983995121 69.35088944248739 62.542872840396576 49.40804272626707 55.644223127558746 56.953550178787935 36.814726044729944 47.620065353293086 66.13753677088769
53.62118283169353 67.98631629914605 63.43993072710148 68.1166662841812 69.090494523293 60.26690879305703 60.914715215325465 63.1496873406005 54.62395466347194 61.8474390436165 68.75174643905648 78.21566500753102 81.66059327049558 70.52305516273188 65.95367304800915 83.18071228787002 62.42934393600129 45.91630197198506 48.57419026221635 54.86779514605383
50.50157431427452 61.23701884076757 67.7066739144638 50.089770436723526 46.96298505444709 57.90027578322698 55.62986505823638 62.50689756492691 82.10808297297883 72.34234029005925 68.18048612655144 70.62995106415005 78.70577086500289 71.4206093604893 71.54740603467503 63.3698937070639 64.1584852519525 48.512964847158855 44.18012937161737 43.3461719972948
22.687103337076955 33.58826017538054 43.071254569373984 43.33165808684597 43.13131705901107 51.01334524717144 69.21025216345919 70.09361621636937 63.426515464934766 67.46279759353716 86.28587879803312 85.83838206600059 80.17818285489064 70.46827888014532 47.903298201321874 61.1112981835547 63.65068844588448 23.14150975224731 32.9439161526309 39.58373976610115
27.634949972378525 40.7776504387436 34.60624267044377 53.54113847911529 53.30457651032738 69.78647581757998 69.19691498656749 74.03902103526077 73.71195189662237 71.47389146846176 66.7468469097761 71.41388087816316 64.26046691468369 55.28085938941007 40.700893013605835 51.589536646500555 36.16155781553996 36.499470668093146 39.905157410963675 33.975689423043896
52.43832286869248 51.336488316079745 68.61624543109558 61.226210242490765 80.10971025542696 76.39444804747649 69.52170524484053 70.23721639316548 66.99397640910013 56.07925863770035 68.60700276824988 63.609319305569926 58.32890092441598 58.26032548119272 44.35482644651999 55.21065063669241 40.43027507124465 53.656406827571374 70.83998789260808 47.59630096365922
49.49357324442896 45.00112791977367 65.12842674855739 66.00817975809447 77.67790709609514 82.50406658933873 67.68665160999963 72.25075605573234 69.62211079900422 62.48321485097994 45.63836385761111 41.649003212519595 31.92698523334714 32.720740425352496 37.17668505274577 36.524135761497654 55.6046614298988 58.73455391576096 71.06330500704611 64.17610632602532
62.18270359463257 62.07044057858066 56.05086142815648 52.57881355504771 54.63882542269283 63.09823219849116 64.54580376621233 76.27300802176543 68.80274126342505 69.93293268189078 58.47311018623037 55.54189422013418 48.32926594864417 35.366181114520984 33.69033243678415 36.616459739021394 41.38549435035213 44.906115767230276 36.9884500911761 31.780926950544305
11.125427762245463 33.24559260896994 23.69574495177445 56.46070864018755 67.40395971379697 60.322228878156295 67.30997220778221 65.77614952091797 49.71713916022634 66.5952742707957 52.81945943323054 55.64027588650471 52.17446873815055 73.34082678688387 45.72712499777828 48.01657146222521 54.12106600517929 53.48798014609043 46.21862947115737 44.61726561155781
