52.16826085904984 70.99517164647203 65.55709201843291 61.0384535684355 58.83962593883616 51.85600185524447 71.36297147468744 65.4712316189981 81.77437792081231 68.78876948798448 51.06690578013044 50.5124375002905 75.9602253348749 65.61435707715208 60.946945258120294 31.42879882784676 55.852540701269795 29.417168933734494 39.034514856235624 45.75551670075431
50.26059089112796 50.038756218502044 63.93300936099992 55.13069275892042 48.91271323700518 56.33340871975695 61.53277387290259 73.91551374923381 74.10411843128479 64.60132955390164 60.26108455119443 80.20213930790364 71.19767631262141 61.26239500508756 49.42328903105609 56.2753322681199 58.5684982741041 37.50824070454398 48.81891630801844 67.2226241814815
53.00149454942586 67.13796216635538 62.42486110973552 67.70840674264358 70.33396619411288 59.941827005994604 59.39699585948438 65.10581854959717 55.05115410593973 63.61694324083237 69.19628910745122 79.42623248362568 80.48363888336485 68.7081350584026 65.17400459521173 84.21547121510386 62.64097155078308 47.53355608765064 48.22241471213583 53.62847908890308
51.80000090510704 62.47954599265693 69.70159896296059 50.24502790642772 46.68886358869436 58.340034236898674 53.83587533601266 61.66628843710713 82.29607629071953 70.58986774311438 66.25571257412048 71.08345773071751 79.74262159769573 72.87100299745757 72.20449463068898 64.14972794502663 64.74968417185579 47.32434739346423 45.991165904910154 44.428662181199606
24.37059921740471 32.17944630020317 42.884458693887716 42.18662475893143 44.97912632890337 49.773598569152824 68.5516056368844 70.55593447195143 61.57632665611173 67.47037002781225 86.4305521631364 84.07303031724928 78.239832184302 70.57773505649402 47.18858785805924 60.02714587974892 62.26265635164913 24.003868291275975 32.19945340209132 37.62023714922309
26.940454265164956 39.49435168337884 33.59708560841817 52.88655213248226 54.114511137212084 68.56596537639109 69.24533161723754 75.86682867159942 75.21041682292113 70.58944278993879 67.25918807639073 69.89878658518376 62.632841187312856 56.79881006363354 41.435060335905554 51.12828658866252 37.12263624258273 34.96595961034231 40.32571251800525 33.79204825113146
52.39426799191537 52.956126794265536 70.24443853449276 60.84080778638748 81.46700411097379 74.40435154490488 70.7198796616732 70.44083451177579 67.16331203053235 56.40085635963597 70.21449805646921 63.42065842005754 60.326703868417646 58.12731906515165 45.787740855886184 55.03310915360859 42.023770269898634 55.40500839214247 71.20488108863972 46.34811974085862
49.97623025972587 46.54560155307102 66.25992209734551 67.6648147592822 76.19586554801704 82.16398274952596 65.89629363358091 70.46333631830231 70.93222267366129 61.88767970679245 47.047958241594735 41.720207848446265 33.720425908037555 33.28502038948512 37.44437148080381 35.71899004620963 54.293403547107616 60.14999733002177 70.43828770942953 63.03725780073808
63.679670348304654 61.21945786458929 54.717865947508436 51.36080412001022 56.09838276489923 62.803926126984194 64.39740464042143 76.48146809943036 70.2655916576066 68.33130143944538 57.306391467105 56.243173850916634 49.22339693203953 34.759474065251155 33.936937523531356 36.970547029601185 41.649232071181835 46.242257715554466 37.860125736255966 32.5072089219003
10.643119238134151 31.95115637168972 23.014563786144354 57.09528405145385 67.73888543739392 62.23823320448597 66.85875176956729 64.2992602477342 49.33332838456345 66.27368254878851 53.23986509556104 54.8017579109893 50.7954797368493 71.37353092005313 44.34609445796997 46.018958446601445 55.31857967095814 55.096403763460266 45.168608898723 42.91190712164693
