50.864580909069424 70.44553262331031 66.58933682341467 60.72399950173718 60.111634575287816 51.06615616197179 69.63666702122546 67.19871325074635 82.42179065324933 68.20939133957803 49.683549432357836 49.66369212928616 75.04768426115908 66.51183801300975 60.20675671849626 33.13902525038371 53.91971759479925 31.11580580495491 37.86877808682152 46.96199431430032
50.091533597326354 49.84509452543174 65.1243037087481 55.67594893064356 47.80295707593649 56.63286092098223 63.40074306380416 71.97710367260257 73.05209097717561 63.22517625638408 58.69792130904143 82.0612174326153 71.82225253039802 60.59649671975767 49.12490444282083 58.018875309669625 57.507851507132095 36.22642272564843 47.9894571983341 65.3372212685518
51.02840268339328 66.65281129341136 61.07558711792529 66.95951096652529 69.917885154927 61.175410860420605 59.40904699827638 67.0518425913826 55.46395383916177 64.7416039426158 67.77148089713268 80.65566620356698 78.97839251832832 68.9898768012255 64.67290744415416 83.01931269979282 62.0552573552105 49.25422582430648 47.390526102524156 55.55229815441708
52.5864138214153 60.540334925584 70.24679689388608 50.074678896337154 47.02063755644086 58.767152105486 52.31374903307395 60.9639398336668 83.39235309698667 70.37213797126837 65.08837116524558 72.15475266365061 81.34216803770016 71.70642619311712 71.93968016789933 64.87399142101377 66.5878951299351 47.71080917104303 47.60450120870885 43.415999518954415
26.289809587434178 32.13107241057804 41.64403769160727 40.21984524282091 46.259355762289296 48.47782706788987 67.97988200034739 69.85514634475923 61.15478195151743 67.89400643475426 86.13348631198355 85.64720954032512 79.68646981909687 69.0737168138343 48.872824505371334 61.46656929758961 61.527506646095155 24.379422457569127 31.457967050703257 38.10720609707588
28.199402112107663 38.19057507746482 34.06697570593169 53.46019587613794 52.877444667232695 69.90416775279878 70.38305126411036 73.86992641036487 75.44575625604718 69.5106530938015 68.141537629811 69.9057909902281 63.86337472590963 54.838972312842515 39.86552469471845 50.80753964677019 35.30196250742469 33.58271101747998 40.974283423482895 33.70398997344395
52.30113139894487 54.79714081631285 70.16508307526821 59.56507538546557 79.63407018706206 72.8659078786291 71.43451692639017 71.5689762784289 68.29995881015763 57.68012574025911 71.13117132322995 62.598384466668605 60.428724743796266 56.984741003333056 45.233585400375354 53.77060020607051 43.088795773301825 56.66287279219229 69.2188992102556 46.37734678415069
48.031947106472984 47.35196180539189 67.50245799637514 65.79502654530003 74.46887146702917 81.67023560878867 66.58054719712945 70.59104610103071 69.92825503627019 61.726475464866155 48.60167409023198 40.775055630862404 34.81227963958588 34.47367210932159 37.46441526376046 36.888547803343485 55.888692708054315 59.71187049193644 68.4895014840295 63.25375051219082
65.18827835640718 62.94708766288951 54.03811076464809 51.5061051636003 57.349133530301266 62.628404507385376 62.75134829433545 78.2734759037289 71.23668466066553 68.35316644902059 57.72444869943359 54.89250317307665 47.45445976939183 35.1751385792971 35.22952330710468 35.11849823787442 43.367721210946954 44.364055221217534 36.873146737131655 32.37524523454557
11.481592485189635 33.56038670005068 21.47485382846407 56.25874183027605 65.95829852094795 63.67184242804659 65.48228911364019 64.02736369113839 48.457478799882104 64.47669698343195 53.29335658593409 52.90760835642806 51.845100409990756 69.681353201343 43.73734677523162 47.85226016618218 56.391675684199974 56.78116999475587 44.996361821896826 42.504689070608165
