49.7180540828494 72.1940134911578 64.78251026931518 61.21995172478551 61.4444265086459 51.043332099292925 68.59099395907145 67.2322407382175 80.60166354376676 69.21901102974488 47.815395029563554 49.73369085505263 76.77480138376431 67.88585110315806 60.5957724111733 31.489247468319807 52.65859536320285 29.298440428663746 35.90951423714674 45.57991382577546
48.44125349624283 49.608839843660945 64.83760231986565 56.18821735108458 46.35395517828937 58.28331625925286 64.68034040418635 72.5740659405528 72.4280594921114 61.83973887564271 57.15235639164833 80.91967979644858 71.25343842579308 61.84010605237869 49.798247529039664 57.00415115966662 57.31634674696404 37.321666569849214 49.098518534626 66.77296684636899
50.35713673762828 66.41532376546267 62.371777681139044 65.1602572203295 69.28378574993923 59.2298204769256 59.93970985590576 66.67959632204838 55.23669710646082 64.0557867403668 66.7625841899098 79.41995213409301 77.93773827775657 68.05289735981613 64.13351094475658 81.38492778480258 63.32214733068383 47.938260520870536 46.430512121870045 57.02974989601877
54.56987764586495 59.66138869762077 71.61894430897937 48.13641229699349 47.41686134650354 57.71370878265968 52.170124801471964 61.508019840699745 82.41623418961102 70.42613226098058 65.99231130968703 73.32484867143526 79.65823631532936 72.23488485888765 71.84565517196685 65.80455069962944 65.92039240003211 47.18029249621146 46.66276247632571 42.919740042627794
28.24174201078411 33.52878656744351 43.340842684084485 41.84857127091069 44.99146481729398 47.762352756619855 68.16581560620506 69.57479949646667 59.97502478414387 66.2230318592622 87.032136579844 86.18678560127825 80.42680671246501 67.77098663495704 49.60684834741251 60.73234557520553 62.231166853699754 24.856225786144428 30.034284608459338 39.95396171876586
28.36000055441431 37.73716004057332 33.40005922959643 54.906027203842655 54.64730181663791 69.15829444016968 70.7977427158842 75.29156814416777 76.85186848810578 70.86519719257748 70.13644392027834 70.35300941584977 63.191250821808 53.781430992986984 38.197252267846764 48.927593051973965 33.51589614473545 34.80953084793972 40.47625548595903 33.25592606247683
53.63850760021941 55.7574999227576 68.5025644132091 58.91461545660399 81.63049948591933 74.7882781457787 70.98149490234799 69.73937673661206 67.54387899497229 55.71027228677208 73.04523188347794 61.6075907445721 62.25255653247434 55.330229164269745 43.56277267283551 53.18292045941098 41.09957139965071 58.038491992596896 70.04760229289178 45.989902830352044
47.705345557726574 47.00580735664528 67.92461125674932 66.49443125436952 74.68690730588628 81.14557344943152 67.08956274864096 72.04891093308098 67.9797804848913 60.72502417112908 46.9728532746983 41.66671041372071 33.758578348458386 35.37567180619281 39.093618450775985 36.286415116447436 55.49872554387522 58.38012837164514 67.85013874374094 62.56715273216931
64.95738622991122 61.30936799658227 55.205977816851046 51.48710952620789 59.082967795885224 63.573291705210394 63.41034473713224 76.5458422641462 70.89538352491019 69.39628146405599 57.57581917010148 53.685022286273636 46.71104696462787 36.12179514493566 33.67982314027027 36.937939756010806 43.260729336877546 45.428117192490625 36.160161183096385 32.233275868130804
13.326840971810714 33.52805437981391 20.946450087396105 56.42420774445278 64.33110769132554 63.47379559525918 67.21370398583389 65.71320637991988 47.9432257450163 62.57622511547999 51.41005229132558 51.41037148882361 51.58800010157407 70.39520976053716 44.27243293711472 49.1022057639509 58.15054022392016 58.22108848245604 44.85092786672904 43.28447349372805
