51.451614358128026 73.766472632564 64.63955076746267 61.35882501999238 61.14691307332896 49.520326458627935 68.23153150419232 67.75645965263234 80.43467547346928 67.36691556828451 49.67870624636486 50.72879610741855 77.64785027937688 66.66088669940682 58.89705126660081 30.60004571912245 50.87494934936909 28.532243553928268 34.01445148915514 45.914222713928645
48.88174524655366 51.11696582064441 64.30909527972845 54.31428983957919 45.2943014743944 58.070073766401315 65.81169891166539 74.53825737729895 71.0381095211727 61.35686119185676 58.2759738323666 80.21232885165784 70.96557424200697 62.27093174384018 49.49157016088015 56.11759453523512 58.830847564473636 35.65704761705131 48.988589367538864 66.2061164045323
51.15107128756128 65.8719509834904 60.60288409340121 66.50378243160773 68.98328484194658 58.208631845067245 59.82610506346073 66.19574258183121 55.98953978901161 65.55108807835462 68.22693282738915 80.75439958238252 78.17169096232128 68.77763531356767 63.23873756975993 79.52317114937128 64.1256845395772 49.70804989158942 47.215727282680284 57.55042281157965
53.69262505484675 58.17979514443926 71.86123293540768 48.692279228879066 48.433910988243085 58.71437119802024 53.07575526973176 62.87786287301109 82.6735452072381 71.01702554721531 64.18024476633434 73.04353382105745 81.62814405596521 72.53367758512017 73.51426556352546 64.13353247618674 67.68116225224513 48.39005130621453 47.509060060730384 42.574627019017036
26.811249147212845 33.41028165365007 42.48361321847257 40.98935579965299 43.18685376817433 48.77536737556915 67.74903760582967 68.4455168406849 58.02298655230209 67.8276944890673 85.90977296392019 86.15940144332058 79.12394905347196 67.34610425817843 47.65546519146906 62.57652842799854 61.33604577347552 23.422596497931828 30.231092027407996 39.73226601853112
29.454284005480556 37.54355624006918 31.651789756300328 56.59638104174306 55.95826261199768 70.34312616444632 71.16107137093947 74.67564169323288 75.20111160043119 69.26320180029325 71.92194801320342 69.15601142189418 61.39298160469259 53.28035785649679 36.92072032247681 47.81458850536993 32.22007803524958 35.9960226804305 41.20676943463046 35.033508537097894
52.99412297125296 55.60323150228427 69.84650660502056 57.86456048075798 82.84065571628459 75.62567813999593 69.50992931068848 68.76357608907527 67.26015566798173 57.30141413709471 72.35628382741984 61.99744597880981 63.16072168297879 54.37598992488175 45.428762171329915 54.22263144132071 42.209087451717686 58.276771741931114 71.15844438026592 46.32233491990601
48.6185184861782 46.936111526091956 67.36602765849764 65.94189655817362 75.20116807832625 80.92632436121309 65.34548647076561 73.93266779545688 67.84153052020544 59.062468668757326 46.95622451038237 40.64361571393963 32.51607935206488 36.9981270101172 40.12327073912401 38.26940732919043 54.70830613545631 57.051476954007626 66.05447170056415 63.4594594454276
63.46338284730516 63.06878287473367 54.05034084607945 50.12976131801236 60.65800138637935 65.0990443980364 63.50645515948457 74.85619076475253 69.64362986851737 68.62150868542952 58.46071814767504 52.34871039263189 47.565565001062645 37.07903004061991 33.83825679011572 36.75339091594177 42.80662063536519 43.54609888759152 36.973370462465375 31.624535198282096
11.873753580336619 35.50291803055242 21.37105823058424 57.61951700936165 65.66644132270045 62.88179284058401 65.46514297223135 66.03694852768467 46.77640527274072 62.18502459211956 50.135461472825725 51.24129084125799 50.12758440750102 69.08571606615143 44.856153092430574 50.7282676183841 60.13469164305911 60.175186346105 44.96793637928353 42.93821822437636
