52.78984779388 75.62356908984144 66.58264522051125 62.78580368210031 61.24723289041707 51.51088082929395 70.13988354268727 66.9343718497803 81.95045334824606 65.65835641562543 48.981085373089726 50.287507088020966 78.2280513727223 65.60520886576288 58.78009304983629 30.691241207274206 52.08091056165383 27.006299005677626 35.953747575959554 47.0382781919901
48.539702020566025 50.461232415731104 65.8429158848254 55.97236089699084 46.8915417977506 56.09849657373821 65.02107868046676 76.31624345884185 71.65986731864994 61.481583080697035 58.61653714851788 78.51057924846981 72.53551803802023 61.69296024920578 47.99948712568218 56.56318755704987 60.152224283247335 35.052856468294195 47.58326536864117 67.29026534206474
49.60193400824413 65.60265587910216 60.32648172228571 65.4219924408325 70.80939835513503 57.46038999382265 59.13040379929387 64.50345773754162 57.14960336973913 65.83836436693079 67.07857741625746 79.884867475354 76.96697403746444 68.67822688886649 63.9017329136817 81.4538042423755 64.67437931807362 49.935285908236466 47.13539206992052 59.0411351418423
52.06729948355855 57.4926715635917 70.11970340408885 48.50914791460698 47.252663666606836 59.874528122262404 54.465648594985794 62.34345911616027 81.35900003621838 70.21278888644164 65.74539694320323 71.18294386193234 82.64095697712625 72.43614851298406 74.72901616870222 64.36521372912864 69.27000395306149 50.20503683143075 47.44870996279459 40.95876852545499
26.655120377276766 34.97633128338084 42.27180820170237 41.42330395270299 44.25778090995104 48.83103577330434 69.49070519204841 70.09863998728993 59.83825162924855 68.89605044690623 85.67912131956483 86.81441625839508 79.92633024835295 68.40384427415597 47.43912328452944 63.29913451763797 60.521206474638134 23.068278088191438 29.657205709275786 41.72471053564921
31.25041562040667 36.01337889549378 30.05426717878902 57.51822016069317 55.71629071009958 69.64375035597757 71.36125778989185 76.05308027451454 74.77537076465806 70.34281757153487 70.73239412026307 67.89362155166734 62.4115988232478 54.33794775456735 36.60990499992202 46.87110052678227 32.380280390833946 35.7322772835607 41.72304102812674 34.86402644248447
52.61600582466888 55.76794693920151 69.68260463325282 58.49019326218677 82.488136722028 76.17486364565008 68.26518372161847 69.03063772539366 66.26787399723793 56.17911623243516 74.15878497481795 61.70970315743042 63.31592282263672 54.744342537622785 45.11540925536925 53.12783692461402 44.0420511597518 59.23371456557676 72.60207295323431 47.25594746190364
50.0068238808448 48.07975388701918 67.49274689381731 65.1373068771593 75.82428637406414 80.0185308625752 63.692936655450865 74.1412140369074 68.48949889548294 57.8533566111352 46.793406681180464 39.70440008414933 32.56675697029638 35.89376810436534 40.35738394856195 38.36919895015433 53.35831336996647 56.74227126888588 64.89752392059863 63.80784763651791
62.21256571189889 61.579469420174355 53.65037855421754 51.07061753520186 58.71171969585811 65.98005254078888 62.478358978385515 74.91306562628294 67.91917880201083 70.58966073776547 60.42207773162436 50.96325578379243 48.684788380072035 36.18599666004751 32.330590139864974 34.816123397905194 41.45564544995341 42.30739099455238 37.82262333193975 29.78815200301876
12.552905203195095 34.43253787072648 21.509929375023383 55.90311905367366 65.37369871256718 64.51810600041046 66.72182436009668 65.49753431204151 46.98720929309468 63.42900997230966 49.334490592181695 51.35806913179244 51.316196439445626 67.67026767805157 44.69256984896299 51.25872658043768 59.574772480018765 60.764100711469716 43.37023544268735 43.20647165826704
