53.94615861057288 76.20939180221478 68.25562406026317 62.750861502138584 62.15021978521267 51.63930328098191 69.36268826152791 68.54582717723727 82.60877440416301 67.62454495055367 48.28321324468308 49.04115162495151 80.07386805527395 67.29868945085344 58.32067083209689 29.790112568404098 52.19206794107648 28.153633317826657 36.7830831112546 48.29646201456258
47.98531176583654 51.59925469006864 66.3812601903559 55.98362824770353 45.013542713024265 54.81764494971438 66.7749949327334 78.14491920898703 72.798150879119 62.38834267934851 58.904002026728 77.0380476372167 72.30019268818755 60.68957702954533 47.39055654578247 55.933420602234655 59.16795973692647 36.517726538005654 46.93957284567949 66.50212507781147
50.85557676602051 67.11546987951148 60.99987411845562 65.75378186781388 69.84041944131879 57.012299995106616 57.582763354424706 65.33708908502268 58.45225127613514 64.4268244606695 68.67932968420317 79.95640184919371 75.68697577777806 69.95731677542645 62.406890321592286 80.25916177405078 66.226987164622 49.28057626329385 47.388022875643244 57.3580762833569
50.271189181589754 59.098704860026295 71.38514606154331 47.3548194849851 48.047043260282905 58.86272460567205 54.900414335546785 61.979738831095204 80.73160491162612 69.4015836563519 64.34193776017251 73.04454618462047 83.60035935739226 73.34995812163055 74.14428878648006 64.1870480115401 71.05139755566333 49.2719903855928 46.765865211207625 42.087350503437165
26.29906023208592 33.99759579587466 40.46153085272272 42.437500183311045 43.52099306461695 49.79300439155191 70.56041051627628 71.68045112605404 59.896206622309954 70.51840287511845 84.11756784508184 85.93834410310794 78.53952522064004 69.15073606065626 48.164285990125784 62.767548524813975 62.04907597269371 23.856710668617048 28.358262633694697 39.90120299944544
30.90932383707363 36.89569286417751 30.452832367213446 56.795404911732305 54.91319292664403 69.54174246342903 70.4468976598073 74.90183601237013 73.80577986042263 70.27139706794415 71.87414560589683 68.40921288042165 64.17647134698218 54.50861013074774 36.9884631431487 46.3133959525107 32.23017050601304 37.039765474311444 39.99035547681607 33.60943286533159
54.22109017421923 54.64347576657126 69.04336044386531 59.99675542480851 82.79970204083634 77.03746327714971 69.21455769290785 70.85702431902277 67.79581294004129 54.574251921584285 76.09796043944236 63.50929522427221 62.80622481015206 56.24473235823989 44.51073849801271 54.44462213192803 44.77369087472925 58.66369717462516 74.46750790593157 46.96716990237027
50.64702509202388 46.66502752210499 66.22855975269889 64.42609684132533 75.09325119843966 78.36689817847395 62.90292043044365 73.99277377436417 67.7866494356241 58.64632244565928 47.36079830067612 41.69052863395382 34.28079178891976 35.31362373386431 41.27156495287235 36.98661741680564 52.23354554727039 57.99582599986546 65.8894184584687 63.6508197683487
60.96575310091124 60.60976169584604 52.14215055989613 51.202446021437545 57.33582672126979 67.62491030324756 62.00658450825795 76.85355419964885 66.74801951009258 70.15397537063001 62.05367578271407 49.75459768360705 47.576171393701145 34.90110695786774 33.24127575791015 33.885711785315756 43.053826459292566 43.35465701166849 38.55223447527171 28.399880905720998
11.469866959764087 35.16205236038217 21.29350964490934 56.1127768745125 66.82977890419254 65.7193212136902 65.99119602790753 65.18354102686014 47.764017829518494 64.40015829826403 47.76024308084412 50.85890942894959 49.52999255994694 69.48219620636034 43.69121903380403 52.59500571103686 58.98108400214064 61.33954248795662 42.411480465773415 42.72790624733498
