52.93733336335079 77.96881311592871 67.80616960702739 61.416675600998495 63.186257742312804 51.28642548217557 70.91824499886255 69.02590841488616 80.84796699414325 69.16838072732716 50.21969195477885 47.9729860751701 78.0982073830152 67.89840865846925 57.83200140018529 30.264735769515198 51.71466516142784 26.227249202367197 35.052168854236335 46.5696556120425
49.21288777590515 50.07460105926656 65.22535098602626 56.538658583322956 45.99108419304488 56.68268343717475 64.88634940267848 79.31073684751117 74.2303880711133 64.20622295594126 58.819799979413716 75.30060288306244 73.50307607561868 61.77399266374087 47.73566405066011 56.372424753352746 60.904594309054154 37.40494446033985 47.33418642295742 67.67326746393812
51.891895562441654 67.70298866608624 59.34117837927731 64.96137001590077 71.2084999131569 58.95612751815208 57.173509261748045 64.0552739837171 58.105139649863595 63.84127392962215 68.75808769166393 81.92330282385886 77.11593470476797 69.11907762583398 62.879085897281485 79.78945986979757 65.94632026929276 47.53202449630732 45.62592108309462 56.70594706044078
48.455144081038725 59.285429848904165 73.32670177051116 46.38142536544585 48.41358752373883 59.41770430861839 55.80476801677015 63.213507455678716 79.57587076670906 69.31401373307888 65.37957707767323 74.19984536634985 84.52709387353478 72.20801243311367 75.49567079444765 65.2038828977914 69.37079466798508 49.832301509835375 44.849758111972506 40.9422163031945
27.43878685607069 33.7827867126643 38.53290063274622 43.09042288711931 43.80047224506976 49.566690975593254 70.37633069766301 69.93576491120594 58.0173154209495 71.61097038453485 83.53647275689804 84.50185785162336 77.64209899781622 67.34980455587026 46.409397446116834 61.691218579074274 62.4567035180842 23.66631463395144 27.922963176318294 38.59028826045409
31.478425163908202 37.61890259630002 32.32076605759266 56.96381498571765 53.70206826144673 69.84453091327305 70.38223949373698 75.51390968001606 71.89126777924487 69.83676594810197 72.34160706853125 69.23904366926924 63.986600652284295 54.21080381119442 38.197075206231936 44.445696079139054 32.62439050107019 36.05339033800692 41.001664374673695 32.222245067426634
55.776528868064965 56.46678048165472 69.9603357260735 60.69896242048273 82.49067435775257 77.70704466817335 68.5157876411388 72.77740770149039 66.91159539241238 54.340902720735954 75.85925211319653 64.79651544606463 61.318204112024716 55.22702944572877 44.361069044496695 55.616913788283114 46.19828018413069 59.17890703372052 74.64859055482745 47.454563218946205
51.26166022993805 46.73309651591873 65.62288674925423 64.15977026377762 74.14321574321414 76.82856331780356 63.28440216626654 74.5567816374748 68.89690825051748 56.75622636484098 46.5461461545584 40.29427394330229 33.142540908628305 35.25940722607729 39.82635698410429 36.33556726260566 51.15777247516826 59.427737398286 65.24182722347155 63.88770940966915
59.213716956569776 61.15990050641076 51.51183768264056 49.37322805392604 55.438353646545146 66.46131837277736 61.55541242025206 76.48062086032856 66.27746335130796 72.14131852900007 61.729259001034876 49.79585113298551 49.36793387973915 34.431496292895076 32.645481757004916 33.13764273415167 43.90381569966 41.62194213872093 38.03925599117639 26.42022069764677
10.504790339667473 35.019409961399454 21.75904640807651 56.685951854712826 66.67752938538611 64.1537237578249 67.1348683729933 67.1439643790874 48.45074448139446 66.04595433440397 46.97186355267323 50.36875237202682 48.60387479943868 68.74923534106597 45.28796377675275 53.808329307624 57.13534546194514 61.33588151396212 43.45236733283295 43.23435531315589
