54.1191631246912 74.95890912803281 66.82328714489228 62.3409207411373 59.21728211510283 52.257858524370576 70.49534259649907 68.7095749826392 76.33775741132396 71.23597156427553 56.26242981685829 48.15690800403107 69.39606739459443 65.93979504625652 63.48293156412668 32.31776346474657 48.51970980811289 33.9015358373991 42.09194260434408 41.81835413082912
50.409948601550376 52.815110876651694 60.79274722567026 57.066618632801124 50.034993422180435 57.27809925863909 59.56549078072256 66.76892424065684 72.8947649020924 70.16265363068173 61.86931742148687 68.49520287415669 67.98400835483214 68.02860077237355 49.22663644631803 64.78373403380432 56.816977005578806 38.605170129548476 49.4386856446483 63.34667139883228
54.61233562895044 62.10405148739461 61.25802812138253 66.05743648115285 62.29164390194992 63.02568963444853 57.14189315471639 57.056088858452526 57.90930431966902 67.19965306769095 66.31899175641497 81.0394144912786 81.6092006237586 72.44359208877098 63.33963106008329 83.61241179061201 66.36161678283369 48.625576281250346 45.76282660210126 51.353850185386406
48.75222700109559 65.05827490210656 63.540535362682725 51.92175734890903 50.63863938122002 55.22691883509618 62.48684522852239 65.81216510315896 81.15981716622954 67.8684835395238 68.43375188934888 74.7770858080219 80.94437181413024 69.62600866773316 71.26028362216537 66.05146108679713 63.722737955922526 50.52045404763981 48.261415946467494 41.52208989386641
22.332016251588428 29.913320767098107 37.33105955754997 41.26424356540399 45.5351739023514 52.819456614133614 61.58506765027673 75.11628809702098 62.34254304241899 72.0002737655969 79.23219282477788 81.50965786531012 81.21591786902886 72.9978516094067 47.452894506735205 57.310896664657974 62.258570590451896 24.53773971712434 36.07013211996023 37.56290775899158
22.989274308464186 40.220533490964506 34.15194187645622 50.362031961505515 57.57858862246863 68.07730033283234 69.427664334656 77.07493040550163 72.01446681561923 67.97507986335671 72.38358687010756 74.25784091418551 64.88831066817019 50.805119969990145 37.973448529654625 49.50252826299644 37.62833831903008 35.052670792432345 40.06334124660321 31.674947858479474
52.49610833717024 49.530954194946375 62.569729818543124 60.0712253881427 76.64233188832776 72.61371687598204 71.75309768585002 73.2659173679267 70.2500486464931 61.671490305126014 63.21720818571333 66.52228513801705 64.85241477557557 57.39666984229799 45.68051349110847 45.556073082494656 42.35288520345343 53.572781357180915 73.77523681308367 51.430788817990035
52.97347856324282 45.849139945251736 69.10432820827965 64.16994969025882 83.12032097341847 84.12155988016745 67.81045309443398 72.07464409808333 68.29601577100907 66.0287590466967 46.887569077327015 42.35871156533879 32.99388625417353 31.073360233762422 35.93351475826644 37.92444750582192 51.94186006460211 59.67712379074611 68.66449784692111 63.59720087941505
60.66828923310409 59.88405042477557 55.3904837577811 51.191134503443095 59.53489941355531 63.35735143173401 65.57958377921307 71.51940950900722 71.36158177527044 65.85567984987908 57.125960656399755 56.84154928362555 50.69711955957698 35.37950483551555 43.61740397215662 40.670923291003646 43.99611275267109 42.82423856174724 38.105361784566064 25.27879652971466
12.559842201100409 26.785680403972695 27.501571930042324 62.96281074116647 70.10394832963715 68.3500689895314 68.68881541720218 69.53532836738285 52.81385351647752 64.568411209827 41.46115065643501 52.47291569817908 55.98395320835755 68.76766518969752 46.047711017438935 46.316619055220855 52.90035389182164 52.027829356970805 50.003529573326716 51.6656289006632
