52.32124938704301 73.60287486702805 68.66426861726887 63.163509272116535 58.44607036786065 51.77234002787973 71.96912845380592 68.88336088159002 75.85385162036657 71.84755501813551 56.12113864010418 48.578694484962035 69.74240723935081 66.05057781133483 61.69414330493881 33.91214280229181 48.31958842547625 33.573460997715266 41.415243732817814 40.04064324697819
51.404645571373194 54.78649645844822 60.595568461792816 56.691676755299824 48.88351223574724 57.003759318592316 58.745447629243685 66.46781571461847 71.42750712759076 70.77554279872918 61.24746565092522 69.69207224773038 66.74195462379481 66.37541542201821 50.289653216533495 63.05324956095015 57.976967770665844 38.94587352242422 49.31754962740594 61.57990143453131
53.63920960352617 62.561578998628946 61.7166671890297 64.08678351851114 63.35023482152844 63.333438993119096 57.96589544862848 58.09304202182883 58.13120745774221 68.1007851814178 66.08249970282266 80.52970769297298 80.70963087048032 71.18095503358 61.664063547705446 83.49386894970033 64.6667091585132 47.56039801093783 45.80217173157366 51.95804327100585
48.18984195965297 63.56273110906111 63.67695080851528 51.619153833443036 49.53802954404868 55.6919593662672 62.028987592854584 65.04617600801619 80.85731885925452 68.52091138201915 68.7891959001282 73.0985168022968 81.28233161424863 71.56832475363142 69.33410038259876 65.58270194523392 64.70771899376696 49.87567204107038 48.41462365174841 39.97977453042667
22.330289355109404 31.1802132467582 39.26426155594846 42.10518093883484 45.52238130910814 54.65390094400956 62.53508928091867 74.56840261646725 63.415083232869954 72.33792928278775 78.75767524912284 83.46484662315022 81.08232647270823 72.66683234938206 48.92254178515607 58.51956204006389 63.77601786140299 24.373370495376662 34.90326565901727 36.54765457933554
22.310526039947543 38.912334350077295 34.82232080773591 50.71243940454205 57.10798523340403 69.38494336196905 70.45955280038262 75.99256295180726 73.02926846680508 68.08451292346692 73.84565491845296 75.3174635871583 65.82205592115824 52.69022605978039 37.32495847143432 50.65694680419822 35.98569279229851 35.143066946656766 38.333178308847266 31.455853499273264
51.084512468121034 51.0238311296268 64.2099067640851 59.4991089390658 76.6313958684684 73.47227612837261 71.39534128273523 71.53194820257842 69.2334556806362 62.5563906553001 61.476235559910954 65.90687804456944 63.96224781655875 58.087502107445914 45.914470367073164 46.78389107744824 43.828286112552995 55.256229480012394 73.15321152067168 49.50473929212006
52.74936932487585 44.83987039662349 68.94168387056902 63.64140711338601 81.29691234224126 85.58220997575633 68.0337258625923 73.40845818561469 67.80317356345157 64.05059032372573 46.47970539722855 41.47195354076382 31.33390297445392 31.541629331675214 36.79467134301303 36.38477028423445 53.32657249057151 59.170748872817654 67.67060246972783 61.830614901587296
62.27559096054119 58.23147697597379 55.666266270612404 50.18730286462622 58.14758039376472 65.18225325522613 66.00200254367024 71.34594918594473 70.12573356773652 64.18263228138547 57.45958358787868 54.851011424711785 52.500918001923395 33.910924603391834 41.91412834151353 39.53382933857353 43.953317836281116 44.63722686616045 37.02427807498072 27.27787509321413
13.383826029701524 27.599160605325014 27.001560854252478 63.32700846502309 72.08041159446856 69.7832534600501 69.04619591851605 69.81858715197082 53.01441934093882 65.47044165681814 42.84766451441456 53.65082114144865 57.70467597650334 69.10056034050075 46.58187299296401 44.797338790026515 53.19194247960974 51.22811356075339 48.83460332466918 51.00911509737748
