51.99562624833816 75.19889242879269 66.68637864190546 64.83709201202522 60.42732390788245 52.10882656537943 71.2637417276931 67.98112585455884 74.94103047654204 71.00856673609908 55.29929483379986 48.656474421739304 70.0267352892036 67.4602202603849 63.26929185871267 32.982991054568146 48.86349939637483 34.737094819264456 40.11759662615586 41.74711025499203
52.70702631136725 55.199978791459216 61.476792686319094 56.30240409109967 50.86550052495441 56.35392296969747 60.1438734427424 67.77021582570146 72.2740887341031 68.88992985895136 61.55339292471865 71.14443368086486 66.14904199114717 65.32644133279526 49.89365981573865 62.118223179373494 57.212879277077654 38.465136051011214 49.18601354339158 61.606898436443814
53.30558360696608 64.43765616466663 59.77180354135022 64.99482829670286 64.19720053144783 62.769160775832596 59.62732901069599 57.391786544804106 56.36194771862852 66.4418599060836 65.77171753276225 81.00613888146624 81.79700401668657 69.95166944658811 63.31708031219027 84.19053431367666 62.82059424603942 48.96051484464955 46.16084298556355 53.48817082259863
48.74161820839038 63.828032209016094 65.27947843775185 51.58748741993005 50.19959963454468 53.949889293858725 61.37649440167125 66.3946528583707 79.52956860757814 69.21502695849023 67.6740641212471 71.78367846283207 80.3805166129566 70.9662445270478 70.42870504999107 66.32635631085147 65.4401770803417 48.76594659994632 47.23682537590139 40.4268013885425
22.04630022713028 32.10629404806711 41.01771290117766 41.05436507375904 45.234729281122846 53.46309948288644 63.70760740903202 73.42723849483248 62.711956316795295 71.44121956119359 80.31726791946879 83.43561113825393 82.35810393857867 73.97971618624193 47.61850682473349 60.48019521871134 63.95599190263692 22.824343300605662 36.38849133532541 38.01213487979739
24.139845426299463 37.7307665131127 34.918937796008365 50.96747912725242 55.26954385196755 69.9391835071335 70.93462974168551 76.86632866930634 74.6349077335854 69.1434171299066 73.84833263678692 74.18046242362837 67.5952085325254 52.746697948781026 38.66177954500176 51.01684840800673 34.78464065102357 34.824152867738356 38.28095585442513 33.28492086645223
52.857089708119844 49.74126320750361 65.03005741178939 59.58603772571172 77.18120020962584 72.29664047301883 69.56552534211055 69.62813737268037 67.54925189322421 60.6757795985384 63.10341449290428 65.52909462218794 62.427008318490984 59.87009373961113 44.708532809186494 47.62376804033611 42.12638936732205 53.3888021361717 72.803125007088 50.05417939671544
53.846238336208856 45.58797113300548 67.94252217916289 63.27708648178594 83.01530322961483 84.45165498305828 67.22968597354678 74.35403881605826 65.86026061332548 63.125331673334166 44.7868498903869 42.50446248072198 32.804151245791076 30.667890165301728 35.91731718309776 35.98631889373677 53.25809610073774 58.41626858147134 66.07760025624913 61.78173233581737
62.602673095773106 57.15143892025176 55.26449308214917 48.947345693528625 56.88691463774437 65.93760717437202 64.41336778047221 70.59276477642608 68.78730179483085 63.41628485202903 55.57734334080185 53.25881483319647 53.494886542655934 35.271074272375095 43.686584471275005 37.60487730197954 43.16343745308829 44.98959150120283 37.72487926626918 26.62391221797739
13.07649429918944 26.424670306633168 25.478524038175713 62.129525697242514 70.72369606533752 68.86031980632224 67.4132990977938 69.70009801173184 51.091209475573386 67.0349526958791 44.0600237510312 54.688558654298106 59.52377848320128 70.31681308786771 46.031820883923984 46.6289736713946 51.393354633879675 52.30527082094203 48.34203795355743 49.30438777815559
