52.83564861612051 74.28289132605896 66.15671157603607 63.82615118073872 58.50085886986538 51.81843220272596 70.45210906736385 67.71789340458574 73.51587897444615 72.25241159531127 55.05756156429739 49.01360429798809 71.4109269222957 68.04141364548114 64.05902690739215 33.15043246984251 50.48887699926751 33.557127425721774 38.92396525382725 42.13739394567257
51.45305305277907 54.884129514737836 61.89745052307219 57.95056066488262 50.530063144428155 56.44159759498486 59.58363998687264 69.12784624896246 71.74087529031344 69.71836470493126 59.80201756762326 72.7794325270599 65.70138904626471 64.08423518336369 51.00404243654691 60.340486147684466 57.19909657938201 38.18341103985354 49.76227125666468 62.93052841950341
53.096934754476635 63.994274662854444 59.023306861976565 65.42046536578898 65.91610734961645 61.828192827072456 58.385127453833086 58.905474991935684 55.722384025413284 67.88786035819228 65.76093154448684 79.41399645153295 80.70535057853195 71.24588901879576 62.959456925551095 84.0672408870183 61.85924276068956 48.85745503914186 44.854450558231896 54.62701178174879
48.614079369829746 63.98353314330414 66.31600635869921 52.077960791416125 49.39034277836048 55.92495073484756 59.89612886191521 66.75417874854219 79.23699073776956 67.40392178492343 66.75290425581258 69.89576753129867 78.87030254884536 70.56506109474017 70.97940825956431 65.6232243805241 64.89752534180766 47.144256422818245 45.82841554455452 39.25625513613697
20.895935190643463 31.959454572985212 42.4510236534711 39.18923251799799 43.84699056760107 53.43541104503592 63.259599808015764 72.26811257032931 62.85661957814606 72.08354892275281 79.8323827548369 83.39014088495009 81.8993897801492 72.83394174133409 46.60663795762831 59.28866173069281 64.4388442367269 24.71113660593296 37.410676568280266 39.292325223303564
25.2845591541647 38.79479862788589 35.043057848172 51.94411067512066 55.85659321993127 68.33592769822823 70.55555910812308 76.79917075882949 76.4920945544347 71.14047002056499 73.7087296952096 74.84432988527725 66.50686891492464 52.53895239601541 39.628530490502065 52.873015197413736 33.887063672918394 32.975659858682484 38.343782628895966 34.42925226865017
52.640210502487086 49.73568558222531 66.30276483842964 58.890166724340176 75.50103383032723 70.44066698678452 68.0684584399687 70.01268537945211 68.25600469290679 62.49759148126951 64.73915696690878 65.22401403766227 60.79223855619077 58.995202882661175 43.58505268553397 48.66969111604553 41.835163255745705 55.314815468749686 72.34968845553625 49.695835044549646
52.00099067278946 45.09607779913931 66.10019715268992 62.87683471330902 83.08709283007921 84.15552077820871 67.12157881839414 72.8695125167714 67.12637579667746 62.837007329872804 44.62738680652855 42.9760712818443 31.879019691473708 29.53428128233471 35.89029907470063 34.6521373553248 54.96534856889418 59.08073592700497 64.11349242734124 60.630889450979666
61.47759214612429 57.834288354957046 54.21087000753283 49.97421613960532 58.62060660087959 65.40539159442477 65.13886820522772 72.51118683393055 69.21656534533786 63.58680964890588 56.72768694977449 54.82237693626721 55.21079750629907 37.233889658982044 42.32224241024207 36.851888831584056 41.57456938204512 43.40362328888588 38.05715124036862 27.571280560939336
11.224073747753685 27.21946620872268 27.131005375424078 61.45280501899192 69.63102029707775 67.82589386736238 66.46897667704008 68.74659614302155 51.56119510789526 67.57559749049962 45.915749573898395 56.046623738375835 58.1544629636745 70.18637047570235 46.361297529603725 47.33055499288657 53.337277208177014 53.03490740048541 47.87242536513029 47.646661949892525
