53.2577956094748 73.85305362761359 65.58071893860328 65.49666297135613 57.368217742762454 51.369416621760905 71.44713444249247 67.59230947733195 75.29887381418152 74.0142492831525 56.18233297392634 50.07316050403269 73.10932872703135 67.17863120304114 64.24474535940058 34.10097271790673 50.776392577187245 34.054593947830675 37.77534601668072 43.959290239264256
50.20835527800951 53.894730097830724 60.54239165578031 56.57110577901011 52.43029261337101 55.44835321050602 61.01395810210784 68.12321273687729 73.36499362374182 69.02136455507136 59.893495621233434 74.08659853538643 65.95977076325997 64.31458868407414 49.45529320331271 62.11398043159683 56.57971535917132 37.53315706459225 48.50572655369685 63.10295966860613
54.14846149962379 64.48379085366872 60.57043374698834 67.3498780557102 67.56053473222785 63.503066468822 58.64667016036123 60.72521131942268 57.46977698264008 67.68044750324908 65.52032640324725 81.33550704320717 80.89389372612841 71.90637615249855 62.32131869533421 84.228097470478 62.697364459456985 47.36125266606724 46.78076478777102 55.72592396959601
50.540035016804815 62.79274955362216 66.58193629339006 50.55821178668333 48.848912461679426 53.94536832346129 59.52043015374138 64.88275335750967 78.34621282203742 67.8935622043224 67.1857958285623 70.6860354557155 79.27088269751908 68.75787606064583 71.44915779525036 64.13631314277553 63.94132273610877 48.24139564989759 46.52612907031618 39.40930333060808
22.013253815269678 32.13071300825064 43.32394042280757 41.018700020710256 43.103102850619024 51.99893965335258 64.22983318804145 71.68593613108024 62.72991063823299 71.45969470391805 79.27231110009379 82.01493151022683 80.49152601578236 71.2694759773385 47.10611727741835 60.930025935856854 63.4201965282747 25.206955990878924 36.77353780042961 40.222024454822865
26.633473394319264 38.29370469171415 33.203385616671426 51.960705304508714 54.42716651990588 67.77876346346027 72.30626293175199 75.14633352727333 75.204823275208 69.54724737472213 72.47566321778109 76.50432992497178 66.44183938640536 53.79916294879597 40.2997580880952 52.684347238984046 33.78990403646616 33.81316829819542 37.857605407100465 33.36873666721463
52.60316463545812 50.850751021227616 67.75741859190548 58.81859741455568 75.50534796728013 70.2059595282158 67.90490062803633 70.04682277024503 66.59723507638726 61.54244996776383 64.02083575835653 63.36474502508758 59.664457909708716 57.90756730100676 45.337873052258075 50.05442476922073 39.85743992867712 55.52441375478507 74.01917601555928 49.25073786037751
51.15170267698489 43.645381808192 65.89118499399089 64.58804067669978 82.3191552395796 83.27785056367522 65.22781476369778 73.77484664824964 65.41358849569669 64.61252940041996 43.06521812422412 41.03107295972853 32.32452100572642 31.057354782896773 37.4048860642973 35.13361621493602 56.68916168276211 59.389530867355184 65.66470505503763 61.569073557441705
62.107932924617884 58.567863523876014 53.24936388404042 50.917890654847604 56.972668898908616 65.51747333412825 64.13065865453578 73.87239521911211 71.13558655830283 64.02334827966092 55.8951988650601 55.54243528337371 55.61951813009074 35.311444282149324 40.83164197205714 37.24741047803414 41.26819173051571 45.07051704646777 37.23564872662848 28.76173182244057
10.663731575663714 29.03701072351052 26.61701714313327 61.57950628669374 69.66337890499189 66.59001525865877 65.63487269501982 68.82338235410387 49.823931984517074 68.3537936229923 47.811847934097806 57.451355611244146 56.25272162644458 71.3115437446817 45.47397334837325 46.577465452230044 52.427864254086835 54.304639802133366 46.41219755409412 45.83269325918227
