52.502131216942715 72.90786240379616 63.713179251250374 65.53022258606153 59.02491124417428 49.51160661528302 71.6191922783265 66.70725113181692 76.9825429764965 73.2572110805512 55.069933552873216 48.72102497762924 72.98320456213644 68.24446776892869 63.86580365889703 33.99836408205285 52.51908348405551 32.47497038080595 39.16571533793666 44.0513986847974
50.743586298513755 52.550359270311866 60.448821932542444 56.62413171715415 53.051224509052126 56.74830852804324 59.96138811314329 69.3280473566823 73.48590840654172 67.85300198032041 60.36839567005284 74.88560611778743 64.77893088802175 63.50651345070953 49.11573828694027 61.21152351536168 57.851722380953944 35.70255515974162 48.87706434932327 63.2307397372834
53.385112280918854 65.83386118256644 61.30172901021893 67.66060462303935 69.41053570267637 62.48856407948002 58.86329452053745 61.377513058618405 56.09831471560008 66.46291830329292 65.06455606537197 81.3050891498222 79.24764746409122 71.28775176121829 63.01444522230491 84.86743613522869 64.17046483406864 46.79614229960397 47.48713774428677 54.96360416160596
51.89528419452189 62.67872836193086 67.56035361592672 52.053305226105266 47.24047005507853 54.936636188953855 59.31963443090077 63.501861830151554 80.02321506180873 68.80389226850777 66.21206513652581 69.07830142561932 79.10156137415383 68.4014568148127 70.4755260436549 64.973132026645 65.38010788310085 46.76185025866484 47.67301743077168 41.28974186812626
21.45899157622392 32.810004101147534 42.25342379236421 40.84403057828714 43.53948535569707 52.087107063226256 66.13607462315748 71.05575967637283 61.73017056900439 70.39624494840949 79.87032300503695 83.41384643385504 80.67546837212934 71.40720309058868 48.63491818922417 59.102807436089485 65.11910529483887 26.799386944692152 35.92723115379159 39.704066093809224
24.677893794005893 36.75495685023599 31.54813616862456 52.399087036831475 54.967122241576554 66.85317037735305 71.94818112944255 75.20671039659454 74.38288921679356 69.3945428014667 71.68967139368753 76.52010731260914 65.65166953753788 52.012107906783996 40.50875498032295 53.591583536137904 34.709808035567114 33.08742410230487 36.3616667296628 31.736275114772592
52.74104620838901 51.3172307135006 67.25170647469803 59.224342718624236 74.4160626581881 71.44046152529918 68.97877428822797 69.48083472549011 66.70557524127696 60.16477444523322 65.73066549217167 63.832493230697125 59.042584928547555 58.15549194201805 44.00690415484486 50.736735561001616 38.93475113455756 54.47571558064528 73.77950447909703 50.41752393694261
50.97893478963932 43.22265705481745 65.67752164696748 65.12987864163068 81.51349665659355 81.8766186638667 64.83049537741442 71.84586929463926 67.25355320147027 62.82903593817129 45.047652433676305 40.59177621039086 31.25285594641851 30.299872286700374 36.09697730894779 36.32761266664757 57.43456549113399 59.528311744322615 66.31830953004398 63.13523593132079
63.24888473984154 59.836703347556636 53.58674384445751 49.17024834234085 55.658068863351545 65.79543321005164 65.87309437417736 71.95337448837059 70.72135396989607 65.80061990861844 56.16541594322031 54.23770902750337 53.90834882350525 35.07595956630036 38.9778505350248 36.08558239348202 42.546319439813615 45.78379375533513 38.70498814548206 29.95490838161855
11.510650433959905 29.26738538650418 27.75816409480088 60.801578205062434 71.11274535527446 64.67308181402353 65.17052837813199 68.78718818391046 49.83122788419988 67.36489061042136 46.71440269559024 59.422058842753465 57.06919272356301 69.68493943431731 45.25317329265021 47.059987473217134 52.12869660326457 53.66930476263523 45.52003428140124 45.848107018270966
