51.79271319393299 72.68807060365988 64.74645751589587 64.18004362453807 60.506994239013686 50.10844161718073 72.42951619320128 64.89421409428311 78.89485794754586 74.21777004534212 53.692742934017915 50.69459035584971 74.55298311106301 67.57867317319197 62.26939570496851 34.0381440219114 52.773201431807095 31.784351364234382 38.25837605116097 43.97479544773993
51.18983154607005 50.81613235233738 61.86343011613746 55.09554391545883 52.83074544360108 57.98407117240059 58.743132482461654 70.30072896053292 74.08868303164168 67.63824740926022 59.6999653624501 76.35988098466179 65.7892483906856 62.30575634246496 49.43313763669437 60.9998656432925 57.14746782763185 35.790494672650006 49.03685359310525 64.88795905127623
52.241516849673 67.16429024319011 62.803387443656064 67.46140903255258 70.08754527859571 60.93323407685311 59.71043737928829 63.3309832008407 55.76184701650979 65.28461406129993 67.05828757782385 80.92716610216105 81.04070419318414 70.53877242224371 62.88729925875822 84.25992675401578 65.59391176331786 44.79942740414664 46.96516162781657 54.8860775491348
50.30734392942377 63.36032409885969 66.16761719232157 51.11923640805949 47.87205738350062 56.363778674053506 57.8389836254411 62.421307585369995 79.67332401293191 68.94181299942764 64.9811584144456 70.76904671205199 79.21159257930717 70.29795149387456 71.28668518486964 64.7562712656504 64.63975611203277 47.722542639764896 47.443330088801744 41.836940561461795
22.7582049169121 33.55849013022444 42.28815920521574 39.08575871118108 44.91293838135778 52.92584815442533 67.84033829152486 71.02930754463426 61.52430991407766 69.27518946986221 81.59904450453448 81.74829336830912 80.64534203063896 72.60208128392325 48.084621216279096 58.103652059670594 65.57383797448958 25.290176071818294 35.462403327791634 39.243562441993085
25.539878458141523 38.71902282693913 32.70521153946005 52.085562675988 55.546962489122585 68.08654089770972 70.76117275417252 75.3782204917634 75.569264827146 68.1038973273796 70.38486497407895 76.21742353650674 64.47691616813198 53.2732122646549 42.40564047594143 52.42523250905483 33.91974244422382 34.18422209576375 38.35699627060388 31.278666526767704
53.365242452448605 52.74148970563134 66.63856171535659 58.52319686323965 75.29205128079832 73.16857120103019 68.50212421732779 70.81939549365794 66.46449471093611 59.29687879824374 66.7756250368511 62.2137383267507 57.14600831900681 56.79858112984485 44.457940209351754 51.24712122190811 38.135546361216925 53.417613876715045 72.19009372348378 50.41369486206111
52.59140921789128 44.00131295781273 64.64233406590368 65.3853453435285 80.84702471971124 82.97854076841796 66.82808309505569 71.45142865645592 67.25390373515206 63.66374213554518 46.16774925938582 41.97434638992472 29.60106860670295 32.17780777460797 36.53010118624605 34.63866339120602 57.990544663867325 60.92793715386227 66.54106424358463 62.197708678238676
63.909871774392286 59.36508692243258 51.753930247992635 49.69904198376231 53.71471209211425 66.04145813920998 64.75356527854161 72.4172067987943 69.1425424093548 63.90625028466903 54.90580089348166 52.82788925930956 53.35107763549081 35.541835800305265 37.53919613456694 35.77689351515452 44.52109012807759 45.992547901073365 40.49312616820616 29.138284083999828
10.3611758625009 31.260021149619888 26.407662661847333 61.578196888792036 70.30775293621205 63.36894379874622 65.90536553712379 67.0606280907063 49.98249984365892 67.10840258252735 46.99295238118864 60.28622372632972 55.099069444009345 70.56395669679829 44.37030139633241 47.392986080407866 51.738774537194764 53.0363950152964 46.77068525793115 46.42140864368322
