51.816175794793814 73.07013026516404 64.36492224054886 65.23094437796156 61.979354040742436 48.824477699511235 71.14544865957686 66.88795972218779 78.54763928286759 72.39579210068646 52.548232586102564 49.321944541304674 76.36607353071334 68.58215456201097 61.756278519659034 33.11830836594219 54.183087474986905 31.799142564265303 37.22504086891265 42.60380847750355
49.43216770264267 48.92826099815447 63.29185145194726 55.874856691598445 51.800808023551376 58.20792240307384 57.32141272331048 69.07075451939642 75.43815579117367 67.26348372613035 60.70903504370739 78.26060994065253 66.2045885912247 63.559257284592114 49.0613572540485 59.95598411530109 56.939409204200444 37.23643979293894 49.160241894413566 65.76253083722398
52.585536742643356 65.7318378750649 63.28191155660682 65.60241044543324 68.99284095469287 60.993703213909995 61.48880852951849 63.66358326296074 55.11946831771781 65.16441132127619 66.60738254424793 81.35111042261208 81.36566826249185 69.96050743075631 63.307560968734755 83.19988011954854 65.2867011160898 45.502905985253 48.57388032840906 56.1422291218276
50.83914257322607 61.462778705514864 66.02283608525629 49.281265692155856 46.68146964349617 57.86491846040733 55.95635628721205 61.5838936546231 79.4117948273482 69.11807600198759 64.22615642537993 72.734439946029 78.23495573362624 71.21140316418382 71.58436297655177 63.42004930454475 63.529447979254016 47.34565149959318 46.224458101342705 42.85394307896828
23.17535697844199 35.2608263475846 42.58702166641824 39.55927889005634 46.33637863930677 53.32597182456015 68.35364135045059 71.03172182226876 61.693892596842 68.16372792297526 82.13131110534124 83.11665042511864 81.03358877601863 72.87710531690935 49.57110025494061 59.79996274494121 63.61729509161949 24.931020381726803 35.9475822689871 39.92046985997866
26.91263899626013 37.889106023115865 33.93003372076436 53.34893992645409 54.54649882408226 69.42831278622907 71.09651018972437 75.8192314618281 74.56102116467231 67.27550965607276 71.27529000954729 74.4539092311384 64.60536809466993 52.54903970495833 41.34821974039655 52.728679460258064 34.19082885325125 35.91907207622301 38.58235172054612 31.978364542323472
54.78460019751456 53.594262494819986 68.17875187992294 60.265362141607596 77.05712454734237 73.60016614538966 69.57441058001767 72.44238268015131 67.09122148774978 59.89098978851899 67.18256111390797 62.637157935231905 58.5126566028813 55.82168918766167 44.66106532138943 51.87592844528516 38.83741544440034 55.01497865215776 70.61513870953212 50.00609306248931
51.19536283771197 42.32218672667902 64.47663828121019 64.53758855527344 81.53106040497629 82.39642489716687 66.48921631856349 70.82191474233547 67.02379167931863 65.02378011359896 45.039510511431345 41.95049254536197 31.199468560554177 31.792309955606072 37.693829965371876 35.874734923812525 56.00161934699256 62.153371555555985 67.97671704037823 62.86013318830648
63.83054727189521 60.939255926113525 53.727413463397 51.48488274351294 53.855204527158946 65.49785972698974 63.75144872103448 73.12512882260037 68.74565348364861 65.06437355353616 56.36597270173403 54.103160277326225 52.33959533870953 34.88241622824223 36.5880390969727 37.28372319310893 43.718489055813386 46.343200002700485 40.902331278986985 29.361509400804138
12.02504275376441 32.455401391779375 26.463888838662967 59.651056828557365 68.55055054846851 61.40532757968757 64.7005386521587 65.50074946426115 50.655086779755706 65.17244343264059 48.68053088801272 59.125675044894294 54.19940586143818 70.17181269875961 44.64206907357686 48.51021523225528 53.1638649506944 51.57005433865146 46.989326425932894 45.06680548253912
