12.699177799926105 32.28048969109274 50.000397594090046 55.7368920902458 45.88460873569659 38.950799281790076 56.425658671329536 62.56224965988106 59.96206920501537 47.15826896915958 34.24305391765307 36.14116799966983 59.60469670618807 35.906449524085026 36.74083807871199 19.696058699789155 39.68631192344802 20.461218281897466 10.249535404918747 5.518463851045128
11.91072681801897 14.290137272272244 29.012962844943324 38.270514895780295 30.874710920046926 28.350535861748273 38.15293834278035 41.70575223357202 42.688118644258076 41.0305904754537 38.90666088959411 46.84871983966074 66.09506068350817 45.195290173977426 20.647663695424924 20.788507181426723 14.229333810450163 22.175453772554214 28.591674132486375 23.733201773920115
36.19305824648857 44.7286103312016 34.775107920782105 43.56808074288713 32.025768881722 23.882491666842405 22.775351790403306 27.325678036164653 28.21938822828113 29.90845077654181 55.94618014032131 42.84557292590856 51.81811729487808 36.25787031171887 51.50562731377008 44.507358581555785 41.41539550879463 26.416279041620427 19.021063037640268 23.706628231542552
21.83708741908759 38.26351525427844 34.95730198846687 29.80471875216047 32.83864463599883 27.761039559717332 32.077469348572215 29.945270186713035 47.327872772979916 37.571789270534964 47.99362592412258 61.07309124494394 65.00415241577939 64.3975145997315 63.41579919178947 54.19275613497269 42.839124017229196 43.28505650540666 43.4453061462296 39.15347098321154
20.41901133931849 20.92347304579785 22.07050764791653 19.65733035711052 25.500050258990555 31.179179751599033 32.10657478196804 60.08341178054682 48.02918992603656 51.20617098463136 49.56243759889981 71.35251125484332 73.3977987377675 63.87597799326784 56.60739277094312 56.822615155349325 52.79022351372367 28.7629691662295 27.232415872900358 17.142955992382955
16.603753749660722 23.79591383168491 20.035480288402518 28.290581889786793 31.04507162845333 34.65691835363616 47.023392054310676 55.478544522834355 43.2209746776362 35.62553591888357 79.66736126226265 65.41679534345954 58.06175421348746 51.920321134954456 46.60392509376301 37.127493682494375 28.430303015147956 25.414279045527497 20.41185412351858 17.120542370225028
18.121478077199136 21.95700960680768 32.40697535302795 37.169539130600214 44.99144700257951 47.08803091561112 44.28140342587165 40.597907874277084 36.825670285834036 29.202790392725284 54.45871981607643 51.39364507337459 76.491752811491 49.79479377656824 48.02025714236621 36.04434777826265 26.276288327976886 36.9080641995672 50.4229518744857 36.89059366725094
36.88584588406385 38.266858399321066 39.268922308317755 51.8821034509694 62.068444079737404 48.19952415675309 33.21214086695272 36.20149036210027 41.80406847232417 36.66156287655438 40.629698983592775 46.989811136290264 30.133350237858572 23.523922486072983 40.940564358082916 46.78212287075429 40.983344635617385 50.328872970139656 34.050869983460245 28.37698654711837
54.42655731016565 41.423163128474094 27.260900336981372 25.352678865685824 34.67042130063697 30.606559564223765 35.78764446763856 33.41382011900852 34.857517128716836 52.713613946923346 46.49461435693044 36.28503311989031 25.909681554455595 26.319881524980683 37.19768175688031 21.735318725060413 21.353428499042685 25.073179611044456 21.805924643272743 22.017596429558072
10.671035315145641 20.594289360510317 20.3383018001837 24.820909690281265 19.9624709104436 41.95384086129628 50.803006332014334 59.61946678607658 40.13327348081429 42.43025076747334 30.28644135410382 28.57402582151375 24.891393637888417 30.510186773527195 22.311619789862174 27.174230571591547 31.691505397294538 19.48891720113716 23.033022347846465 31.52932382311709
