12.543407689447626 31.66152314600765 50.130042433713456 55.54246545910039 44.718913277003494 37.279545039602084 57.75125604279842 61.103327493924176 60.75853166782136 45.29465510784353 32.40321234408265 34.66215788067515 59.86255307438927 35.479933413538134 37.36108470349416 18.768866010281897 41.557735958286365 19.227031545085158 10.762504083153846 6.804939055018753
10.850254712583148 12.889785017529773 30.95800843081493 37.21385253762492 31.43811197424236 28.644630549547774 37.85056437280292 42.24028345214195 42.35846609100679 39.45658837220016 37.75246928667645 48.71503833703565 66.2762551000062 45.0451440660398 19.576402520303233 19.62120628243013 13.760132883142944 21.912450524496162 29.20103374477892 22.939276607483194
36.379903746602395 44.36061599859607 35.06405319386961 43.80955623296643 31.865513787569693 23.9363398773142 22.151307151012976 25.62982887093625 29.21816485581213 29.02770600535961 55.18408252119285 41.72845283955736 50.54441449482667 37.69360099627886 52.95817957351677 42.5169004556674 42.473589680673804 24.71119533618621 18.32448958932945 23.237323955822994
21.640100271793127 37.61774883788557 35.391189803968665 31.34690380749647 32.709627941353844 28.410173567089366 33.5142406908906 29.44492539222442 49.114100664217126 37.24356522411212 47.413488365152126 63.000110538483106 63.22534455101494 63.81349026887788 63.072335156577125 55.88988466364859 41.41809962074036 41.38386821451261 43.72635965664564 37.783530498694184
20.490709142852847 22.442870511157665 21.544382547561156 20.559625604268827 23.979230901397695 32.34142517696263 31.231892167156953 61.6701358710098 49.52800029240164 52.858274323571095 50.532910651769285 73.33547522426514 73.15106143664512 65.86989918481325 58.362408323556856 57.704833170494325 53.29386525544138 28.716875286896965 27.854703304781978 16.090851538828193
15.098316910641643 22.489432328711743 20.202706392945736 29.106443829147846 29.665350094781285 34.80295208636258 46.31611772270037 57.4705301698701 43.22373394969725 36.71043746948643 78.71248498406155 66.0765261139326 56.70419309668285 52.86579631992082 46.34090846426535 37.48856887206728 26.81824754053599 23.653011809359917 20.796948248709903 17.206458861854014
16.501375974258988 22.867124930352634 34.328185959031295 37.50472318802476 44.04185894874259 48.06182766159607 45.323931329995006 41.83855492702006 37.227957829074 28.035724436362703 54.266856329710066 53.00411630596942 75.80727745084214 49.2540808006076 49.64112041315652 35.50689707850889 27.7438622910098 37.52027123022568 52.05643929629623 38.55362019801761
38.493181455716716 40.005611901434605 37.596403032797554 50.04423516123343 61.24911608191207 48.87604061041898 33.74301393289387 37.53323915858271 39.97194654670007 37.71709222360438 42.363937369873874 47.87794260561249 28.71180171189735 24.13546700220877 39.88664993779188 46.725574422003746 42.52033089104543 49.863866180429085 33.94973431104485 26.59287128772323
55.402923772473386 39.79914580277887 28.29637401486536 24.800666021307208 35.43613874785168 29.550637711065306 36.2608027431068 31.456184287386133 33.893404468525844 50.833921435563106 46.31920074139927 35.38247319043712 26.365035763943055 27.19143031298097 36.77774538452659 22.222396013446986 21.870679424848348 24.685037963263813 23.376270589151694 21.47887580228761
9.673673655651491 19.867346690080826 18.39195247322348 22.884765015360863 20.807089762565386 43.52908884732851 50.79570393109641 61.29242612022925 41.221347144308325 44.03627539425019 31.792296891219944 28.08735557077176 23.09185992823665 31.326728767462544 24.28210249362591 28.461940994812664 31.102503985658192 21.116552445386784 22.71214526621076 32.70748029310761
