6.244190809938084 27.752118912131493 52.487510694146906 55.02063095340924 41.002833323198956 40.18951988795716 62.84488972253505 66.45930752035729 57.32160069079968 40.7400607016279 35.69967932834789 33.1055667847601 56.124633433196095 27.85212811133853 37.55136263401754 13.938118870114598 44.98278058187167 23.631500540795358 4.173980959944808 3.5349942120461026
13.657347077319784 14.273119021357049 30.217085507711545 38.552390842433425 28.8828033606669 35.79325745737042 41.12327382985726 44.04045353795724 41.82719054191536 46.15388131037453 35.917247303580865 44.835568891750384 70.9400552905503 45.86159218249843 23.29873127188706 19.51776960590634 11.201182926227911 23.20921032273631 29.02719058702599 18.001032876455035
31.523506329289578 39.49810016096444 31.184911688638984 46.120151523688044 27.71899954986089 17.18734130631443 25.874557217452026 23.959775749277842 33.697709154062025 32.25209152416424 51.34659468287955 36.13069305721289 56.027474682247124 32.051451130577604 55.45385389960513 44.67274765092522 49.29945045715027 31.985463807420107 17.455680780122005 26.6659481401111
27.012672013523304 29.529331707842985 37.15056104521935 29.941807640206513 30.70142446866042 25.529966969233538 33.78149148735265 25.53891567572498 51.823010920289725 31.200450502449744 51.44447860518918 61.242609086303 69.1999406687375 59.96149984233527 60.604838222397646 53.21630200676407 39.610639586357046 40.44340869549785 44.81553013717322 36.238778252851255
16.237796548297382 24.780864624003765 20.558493358299266 21.97005704156582 26.26196200232231 30.31563470711563 32.6140862064288 65.4884189060163 44.02391816319849 51.79931965206888 50.829737481597604 71.70659297678843 74.08959557724306 64.2355026880891 69.64388897233532 52.355388672792365 49.63706906933325 30.41278836129544 33.329684025896604 13.94233196861553
13.824101691547954 21.672028880185326 17.049733893835175 27.33594263497618 27.985443828709816 38.718560212955474 41.83046487576499 58.22536211228521 41.133973901742685 34.955353431121736 74.63616747477207 64.4239730640009 59.21353610740019 54.62392023556326 44.97055171810672 36.583095042732914 25.94887847164303 23.592523903873854 17.554733620014368 11.673933929227847
20.824520534271564 27.475153991150435 34.71936761819797 38.7088897120248 50.04056128752954 51.584778763087144 39.85554529132834 41.19574559279331 36.51677013218983 28.412340066776935 56.629717142539505 54.52245091945468 81.90701411939096 49.698584544786115 46.91670050414853 36.594648872041915 22.11441095846254 37.17431479105305 51.619713261311745 43.166132902628206
41.80910640163052 38.80298930014865 39.73500237215007 44.827347719347785 57.11848656399469 49.73942950953185 33.555991530213426 42.401434330476505 42.26708635430254 44.752480676364534 44.173479902821335 49.429042764459595 32.321970633151835 23.726006320656552 32.194554778547385 50.40984213119694 41.670310516705975 49.53251377975255 30.118978065091387 22.49552266299997
53.15319329509791 42.898178764935075 28.67609060384316 25.834061751792674 36.581374304867516 32.66822133361987 31.97540884179762 31.887559057958317 35.97671181774322 42.73734695600145 46.81093773486558 40.024484163211866 24.587355428239377 28.871880331308283 33.552022976275794 16.569276787992152 23.570122765461733 26.510682133739213 23.66157393674706 24.7274738205989
12.137321056082016 22.885128711284096 24.241869573138075 21.218128366921 14.037434363736764 43.45994924531782 52.984726037651825 57.978017214739005 44.612115383874915 36.553713481624534 34.18648741607753 28.93430326990665 24.71608464251061 28.706487571524633 26.95282080625917 33.1745626534019 28.472705014806582 21.321485400860162 19.419032016016306 31.78199953865373
