6.875273221322955 26.002735065324956 51.21868854897508 55.6114471673659 40.652652209868734 41.712981603606586 63.784400615660225 64.66463768750452 58.521108749370995 40.59255830340717 34.3781392670761 32.396323177967176 54.534883141604986 26.763391633251842 36.806421926316425 13.765683936297018 46.39650003453852 25.110127082215854 5.347647877278646 4.45598756988872
12.9274878133773 14.06010786561412 32.196648414739194 38.658349795330395 28.5737988107832 36.04819746869735 39.2465273264487 42.92705200806499 43.45428826625218 46.77005767717132 36.29524864156284 45.5298313170561 70.33859790772978 46.425867292202845 24.011450855364743 17.65841335942167 12.42818380313183 23.487330749628846 27.828125931141194 17.563951398251422
30.37438760057935 38.722110886744126 30.516692922253508 47.91648540481673 28.735479178598204 19.001880793892443 26.407117792075 25.851814077215163 34.8110901352688 33.09214584021706 51.671301923545315 35.33288276555894 56.52868212196657 33.32099741718803 55.62912382836749 43.28410085071921 47.47296535623037 30.238165123148526 19.177010063615157 28.487344207422876
26.014800795894956 30.14820354060477 35.80384909293505 29.588146627541335 29.524259514510753 24.003245735702826 32.02493561993452 25.10829993400193 51.677528152417366 31.10039801520136 49.710599258583315 62.384569974307865 67.61857891529584 58.904478930158234 59.104435394686085 51.414703339821834 38.29950754846349 40.061160516499434 43.90775813408128 37.26438384445171
15.244435036389934 22.826606471425986 20.979645781036247 21.213655686876592 28.12666077620446 31.441331834247187 33.285444700202596 66.9084920486435 43.3008635401529 51.32318703758681 50.90044181082754 70.96307639579949 75.72223142256287 65.94999682479971 69.99040987938479 51.459489909120904 47.73105241424373 30.959553322989244 34.709526978391196 15.044605008835113
15.138691901959207 20.127138258580825 18.589394951520088 26.7003724565097 29.317950825235222 37.79586223852863 43.52785708477523 57.528421633038676 40.48540106170384 34.64518027400463 73.91836052421007 64.49148179434326 57.257765580462255 55.381688208812214 46.88673613425057 37.52319211648459 26.08080284177127 22.363246074361093 18.141921058224355 10.791267857236106
20.5504049835034 29.050196933729655 32.89663150898202 39.489040269488136 50.34890989362927 53.31314849215164 41.72588897543566 41.21970838698279 37.09291764835211 27.570869551369743 57.335336813471166 54.5899582971045 83.8480136238696 50.277400199529374 47.03567378298072 36.095349634935594 20.16123115328059 38.44017805163913 49.696502825305096 41.170699923017864
43.41276705786096 38.597437055678064 40.28879223785262 44.835676695768576 57.57744713721887 48.3849326643258 32.28001165593577 41.66205584896522 42.373087490467796 44.467322525654076 45.655660795828105 49.67412680109334 30.714082633070095 21.975992198407983 31.83943775963167 50.31595563364036 41.53667834444632 51.11627698541574 31.82567423206372 21.362210127316704
51.306341332813595 41.81694352815115 28.862955025742128 24.516970905464436 37.99656432851906 32.293608894386786 31.79325140066407 32.91805134018894 37.689458674462244 40.93899516774236 47.6123810297537 40.1788121965949 25.325839017849535 30.722296135428 33.97147872360109 15.05951993740375 24.254105731362838 27.145223517142416 22.480034281739538 23.894665840420934
13.374196354049927 22.02625822035097 25.057486856811348 22.33407231050903 13.263149463306984 44.299938125901846 54.169251101591 58.66482161684514 45.03724431280778 38.440653004551216 32.564366476438 27.47340418286808 23.12885332541772 27.73393178670558 28.175743801186336 35.12241286204185 28.278103348851047 22.468805398337 18.575783001903762 31.759968016262192
