5.751140207751665 24.939984763608805 52.21562083230264 57.567384868803984 39.62104586413178 43.1500503071035 62.81863178111975 63.0743826609494 57.23678180939378 40.58175074148615 35.14022422341747 33.54376418743759 55.5635097847861 26.318351883370223 37.8081289112013 12.99426322214406 47.10509519139997 23.122021070750606 4.8280182537224885 5.460990525313065
12.230582738015013 14.454632862797963 32.55803568056643 39.6811827612514 30.569074894265913 37.07820484892606 41.03304169038984 44.44852258662978 44.825673855415616 46.70610256724828 36.560107582617974 46.02056142401194 69.75240403806343 46.237903931270125 23.672591900393797 16.727936471016932 11.06282599200512 22.182719293064903 27.67927027639294 17.39465054123509
30.79135951044616 40.49738294147262 30.15578453099931 46.5366670814749 30.510550613605385 20.307636413138532 26.47684828119241 27.227370002244214 33.431680407851054 33.220675857899806 52.22425747310431 34.89369514112146 55.22556983112842 33.905700438471996 55.91328726531565 45.18592785380319 49.065223040183795 32.110124686483374 20.16632797761444 28.022312366028576
27.36411514918587 30.246973971371244 33.850195005806725 30.485592785616866 31.49398590906801 23.72148151242014 30.616654308487178 26.061876730461194 51.51292219388874 31.859951880591748 48.10461262366225 60.698383993781775 66.81653946266508 57.333890533340025 60.0176176193056 51.376450414804275 39.685604891323045 39.14472120665826 45.1098420780634 39.0656430467461
14.031216901424088 23.40408167255992 22.850314927988304 22.153127898273674 28.97344879023621 31.474661716235826 34.88842356026391 66.8015521631541 44.718757088059256 51.817417159247604 49.58891858591824 69.00997942886112 76.22303371295176 64.25758210815715 68.22014090856506 53.18890363693989 48.351357018977225 32.635594420263516 35.765580315237784 14.12893453684162
14.948296612075918 19.373629791598574 17.770428992274514 24.793153674696814 30.209156236591074 35.81882780308287 44.0120577173254 58.405150899935094 41.98243279602977 34.75844966031196 72.1362638014549 62.519614840296015 57.747661259402555 53.813618945794474 47.556872164648944 38.55752336525191 25.54726833325975 21.549395495835256 16.561321612161773 11.391575262663714
22.262701632545525 29.441480497001443 32.12935929745768 38.30807601641541 52.320780655390244 53.032631626061566 39.84200709145615 41.14424569238301 36.18743491113702 29.123895744669085 55.84689318818519 54.61187003029496 85.72439452095207 48.470303362259564 47.2655037960969 36.54611644990685 20.966543609092408 38.37005009862718 51.14628296657181 40.55427167933064
44.003373489239564 37.75766932224955 42.02411123512745 43.1644485958792 56.62079529158997 48.02689597661439 30.444129654853796 42.78654963888835 42.75131561435776 42.498619302200495 46.925668406992834 50.513783398327185 31.932229057225427 22.97257204876504 31.72386959143529 50.070623336967344 41.83901293359559 52.11937428845474 32.52801672338611 21.514404142300478
52.76789942714194 43.36111441628224 30.425233558470975 24.947476147877516 36.4948085682704 30.457218039375284 29.844876221697437 33.969079119409955 36.765691343255256 40.60209366576523 46.93714684064512 39.45943689528129 23.909651944963528 29.06759882389234 32.441415365001006 14.532979252154044 25.647966331985987 25.15264841752379 22.069427276362592 23.81598117713534
14.812183951729466 21.09033878864876 23.469708957018057 21.704947237981365 13.05864962404297 45.19158363285455 55.02718954160788 57.856086815831354 44.384946373087075 37.281798729728976 31.81316578345449 28.64837080607163 24.30098741284383 27.51050871291389 26.557855019557568 34.30431232970444 29.03635636312082 20.833633422770195 17.957663845147486 30.30357499088833
