6.952447627836239 24.18406801098378 53.40996742329705 56.72073113603986 39.21489647103356 44.7504304166278 63.51291433575089 61.699381588853754 57.38803728390207 40.800876448088005 34.940903400059845 31.74475688141618 53.63191741761361 24.590917096331214 38.12831856447858 11.100168685807878 46.68785762164603 21.427746629607444 5.6247012607059395 4.337274150317731
11.674137586335535 15.50796119540528 33.92530602404383 38.558929425289875 29.615174473358667 36.66363271188904 39.72078429747175 45.07465496951834 45.42164299308666 45.45795051611419 35.363720782391844 46.85933878949472 68.27283720191895 46.032226806268106 22.022249559605207 18.583338300840733 12.72769017405931 21.29247439174921 26.65548875203157 19.233106252967684
31.920279239156734 40.409436599684454 30.109700881442393 47.35745877721352 30.992015684813097 20.79024907060723 24.560305728116255 26.64316844458424 31.718049099174337 32.912242992433335 53.64408286838831 34.543716411876794 53.680933901271686 35.1565148250102 56.144887130051046 44.329411609739104 48.73679825222572 34.00445593456921 18.473499105827436 28.492145708477445
27.081527323494214 32.05719571041947 35.7881560094348 29.542196907331252 30.0383246399779 23.108154594888706 31.59818713193411 25.03272399181981 53.313857324767994 33.692934840058754 47.72469761076234 60.242152394355024 67.9015831230655 58.36049698498812 59.9861700278658 51.77684104176233 39.206851058163785 37.436521590801725 46.205233597444376 38.454659519226546
14.609846443090547 23.800663235130884 23.656358103452824 21.212351031582532 29.526382817761874 30.922928463165455 35.49906683106729 65.8330705219557 44.431198360398696 53.1020263853961 50.879609122770404 69.91511822088964 74.89879164250767 65.89738617162938 69.66846927090151 52.69149772593893 47.357552968064375 33.90883181957351 36.35821105493318 12.906670746782885
15.952054063889634 19.84276815702721 16.185445363427068 24.933551364006767 29.801921506061902 34.3831638514603 43.03508621469965 58.42413344056525 43.81656592464179 34.65549535066069 73.80743237407346 64.38693039373658 56.26588008490261 54.32824934094133 46.553812672856935 36.778761410346505 24.637092871524473 22.838364289666938 14.679319279119103 10.601468636481826
22.247785520359603 29.659020810817108 33.21855115822386 40.12540652955672 51.13916650257655 54.65996619799418 39.95570874391012 41.47621546756056 37.992286335708165 29.215920404452135 57.73481818854653 53.90976605781029 85.43005234336366 48.495500011562825 47.318951198685234 35.568755049249866 21.136241810489615 38.54314562545641 53.05873674985708 40.83011283206078
43.01893195657106 39.70861443032795 41.12347494813264 41.73842092897662 58.167863937864226 48.960197625167844 31.767549397660066 42.79275293010842 41.12425860795795 43.36956371236964 47.69517542892455 50.00705401820085 33.25275829089544 22.550413949782904 33.7227856032215 51.149998665187 43.33883408817728 53.562703327548576 33.492473133979914 20.25062295407369
54.01131630947747 41.93710385006368 30.390753909545158 24.934119756453875 35.91794220650379 29.7820718841723 30.953628666005578 33.522711622346485 36.12181628180418 41.423044440807715 46.42354920736234 38.44729440937474 22.829136464316253 29.27982996483466 32.741922222297255 15.39343689763238 25.370759364697033 26.15869761062306 22.685963547291287 23.897018432758422
15.323252029510382 21.260637619380823 22.049138969653125 21.639622933653108 14.534549771929772 43.487142147353715 56.55343695175087 59.4571770616209 45.26473488776903 39.255549669677094 33.548192863156515 26.6707980043679 22.565933062877164 28.139558663539177 25.094937974154828 35.838195274434206 28.80416738315585 19.721860303312333 19.638076913289144 29.60227102957503
