5.124436791968596 26.100269148530284 53.33108985224515 56.68519219832457 39.14267134091211 43.075927700781165 62.572237267970024 61.123199930847875 59.06463364279358 39.64999237916474 36.24851740710077 30.02308774830397 55.38764775778117 25.31960549289051 36.42706469598684 12.746002928848718 48.05896301939792 20.313931846881935 4.172900542393286 3.326814105581205
13.387540345579431 14.672702784124354 32.13628914596769 40.3456585839469 30.764051247330045 37.562723717339566 39.215358447713726 46.864607346998774 46.00302910130623 47.05278848784188 35.596132531009246 48.40259216190539 67.57712960296061 47.994537995338725 20.837986427001606 17.03858294283499 13.761650179108695 21.755553191290783 24.74285585905783 20.229123443397526
33.74640347330949 42.09327228257983 31.865294766999046 47.550704025685654 31.35999360098005 21.11526167144707 24.020605272085618 26.241108223667126 30.28301622916924 34.44159166395903 53.112258833741514 35.66491612737142 55.34485933695768 35.58665064016322 54.500142459498555 44.21784682481968 49.24921207169784 33.20243564715634 18.469434294604525 29.147676153783873
27.474455618387104 31.300094114297206 35.790604361439534 27.758075801423093 28.176581938017563 23.704500513617266 32.58543627325302 24.363963716285596 52.96254329388409 31.976548975638625 48.89747839689126 60.405782108934645 68.14944169569532 56.86206049829692 58.44480439240262 50.9249088757888 41.123359011308466 35.63935601748386 45.989756996706234 39.54202934362193
15.357713780032642 22.104688266655344 24.81650293897321 19.324088025023926 31.427680094550144 32.21962315904467 37.02746714712604 63.923607283155306 44.772383912358265 51.29748168668458 52.43697746747743 71.41759722688361 76.23592317413735 65.09590890672239 70.33526617828466 52.42132843215926 47.98250699367384 32.80639782947679 38.122404853182026 12.392154729298493
14.356036053655554 19.917428715134065 15.914349852133729 24.71212748495314 29.083831542465674 35.272504465203994 43.895516353005675 59.27871764868766 45.10888241709059 34.040072795179825 72.87391657000063 63.163015862399796 55.84902109564358 54.67300657842504 47.735107680846724 35.41579879039917 24.78544200768512 21.656331537273463 15.355984533467044 9.434393452921597
21.048331952956108 30.406208465639033 32.07849970996085 38.428634937060934 51.59104779507018 54.76340997058101 38.74165078567571 40.78590827869148 36.75521464222045 30.572049081723954 58.24925979357019 54.71642870807264 84.9136228160688 47.34471410168683 46.72783379786852 35.381524192355606 19.97846173033248 38.568327018143876 52.33733255735834 40.35007024987809
44.12818824948651 39.66149585067685 42.83108079310221 41.83261058921046 59.18422330148445 49.234330533459406 31.257042222840305 43.09906454061463 42.76658421634699 43.80120403762364 48.68314174800415 48.44077366384603 34.17939274543817 22.45541157766965 32.06414082393586 49.268518444187016 43.99786014774176 52.26582688939174 31.994453418640983 18.83620917623012
52.25742948953281 43.535548303235636 28.541226345230324 26.864104553341253 35.69852507994264 28.300049039461246 30.54208789483182 34.67194201956648 34.946025311087 40.70450489294835 47.04797048166394 39.9481412521592 24.68207925635093 30.0470874839504 32.277996911519324 17.32982114513062 26.53340156084553 25.062155848336893 24.606855065022714 24.12979015239284
16.77739601931981 21.531046231044115 21.99795701693059 23.4796995118884 15.7209892413763 44.88106767226376 56.93066462861247 59.744514161497904 44.361280034286324 39.93881509130383 31.92416025870092 25.145936107315233 20.91778711684334 29.846188724499527 25.021729518142788 36.40374558339618 28.20894211754807 20.760912432019836 18.156317616608394 29.09502710223101
