6.608990717693721 27.54083373909859 54.91610846399914 54.70985594680383 38.4990529471685 43.73584277939083 64.24334103018045 60.244154915679886 60.01952846715552 40.03920531165596 37.12127386936365 29.77969510561781 56.48907271710852 23.334142563884267 38.214810472642654 14.158867405622832 46.6894547650451 18.395325525612904 2.8760479035736974 2.1597750719756283
14.622355952664746 14.872755665815532 31.73377870590114 41.9388549956827 30.450259443860272 37.63359250147847 40.361231471955875 48.78052850972194 44.584090928237345 45.203058350166486 34.0355822255315 47.76785945395049 68.21512781238049 48.01792291235307 20.094315413449873 16.341206144484246 15.097793445470733 21.1116279285051 24.175404909940887 18.871083681057428
32.95629117949023 41.58605438082663 31.835604743733658 47.67734236233435 32.084090806116414 21.43271416979858 23.01064157984084 25.539948911136648 29.91282859372305 33.14840307281658 54.38210522399794 35.45940852543676 55.7659989176254 36.78804596333488 54.17747446182556 44.84340207150021 49.768775147032244 31.709423627152976 17.371556596591887 27.72584188241888
26.461516010448495 32.368891688429684 36.24140033691083 25.760972167048454 29.102090597653046 25.06413463061268 34.13164869864073 22.366769400421443 54.6371701226568 31.51309683134615 48.995831007451805 60.43101205375951 70.0255952284584 58.737949872334156 57.23530896074563 50.26051810713426 40.615608150810274 34.247462196760274 46.615557433342865 38.442623117874405
16.717139331960606 23.181550162542806 23.096818029133022 17.59020815003208 32.77135957348387 32.19970395830707 38.05578761459709 62.998600326064036 46.69574890977363 50.42735230939823 50.43851525366699 72.96797183410345 75.50477473219776 66.3882630720927 69.87561911616407 50.56253917283161 47.46442337451714 34.04810509337961 36.42663791374593 13.772054828961481
15.304275311570528 19.965024456786725 15.129623385561793 26.236322067539295 30.961719851873767 35.49896120833669 44.32851450720952 60.492078978382146 46.64514276340457 35.865580631325784 73.12216072593138 64.51394564300655 55.21797536683407 56.49593029032476 47.465365300068754 35.787467691285364 23.613284629744726 20.279585592796813 14.681583352590224 10.086239044803262
22.21073078057631 29.623065413703138 33.24255209830255 37.028760195284185 50.01425391124463 55.27763864663483 37.78691811616275 42.16498298385365 36.806419035569505 31.96289684343597 56.89291967133738 56.28713704543897 83.06632890362239 45.71488934501009 48.07895249736958 33.59298008066745 18.40606261863965 37.32920565688749 50.69376126502921 41.13865771114099
42.8794248389449 39.39310735110926 44.48139544540862 43.44147351532768 57.78167861621648 48.09480789532251 32.90586538378953 41.13475053820263 44.355709809864315 44.98415843397787 49.58832636492089 47.01656843304602 35.96864806137365 20.932452355252327 33.14364692979261 48.85927581412884 43.708009241128536 52.94081323669239 33.23841241594811 18.41381873982535
51.51965788298939 45.38812478367013 27.553094087177193 25.410348724752208 34.67795378261322 29.205917070783237 29.36863026620551 36.47657051313982 36.87002348147279 42.439095657847844 48.678300599745064 39.24125187853029 22.963673397840388 30.765749472498133 32.67798838141475 19.003146165853593 27.174110381766127 25.05644913009897 26.235281323887886 22.982762744755107
17.612717323917753 21.8893338981094 23.422658635522623 24.7447831602081 14.852601562605773 46.31680263360338 57.82945999690689 60.48120703530002 43.57968878920339 41.047449757947476 33.677264708163776 26.31282542446896 19.173056334429038 31.4328175929506 26.05653701130549 36.127795394525705 26.423626081548104 19.43353322972387 19.2641825401661 28.720935704450646
