5.32985863236066 26.137874505843435 53.08582958226872 54.864610650780286 37.510934840723884 44.671712888466494 66.07716603971205 59.108877785834956 58.150542320419326 41.65578513919944 38.052364604036256 30.791041199368593 56.13166007520496 24.459290612690186 37.89403899322008 14.915151175889758 47.57053445759964 20.104576495972164 4.228731430717541 1.9693460334139261
15.16434523931454 13.172401148881768 30.969453423399855 43.76879274030389 30.117006389314675 37.55330824800663 39.87617526357713 49.485000874886026 43.45850465462865 45.99627079286527 34.92811923986208 48.02041524977614 67.5180086806473 46.11136386915887 18.371180194114174 16.00822440028879 14.80885396510036 21.33051920101389 22.3133017078942 17.89648654013895
32.005372637573046 42.82252391869066 32.0581866827699 49.586706503088315 32.91794448016766 23.02206571225142 24.021876349298225 23.70479347211574 28.97731079026681 31.825481152614465 55.81717049882151 33.497224367326545 55.80868343426814 37.72394006731141 55.390624720868054 46.284003935753155 50.848727131786475 32.375080782096596 17.35885943108495 29.5008475237625
27.1672331844259 31.322636226431754 37.46573810686615 26.864747812526772 30.84647604935852 24.309910640145446 34.982278325030194 21.295181693425587 53.743781080564716 30.452249396258928 48.180868809715754 61.27719751760219 69.20844057919122 59.051162239983434 59.136092829851904 51.337885669483136 41.62342745193038 32.66877177439426 47.358074585561674 37.363268220833454
18.485548412434962 22.978807112040542 21.991578734585946 16.160515523371846 34.348410075565546 33.21467292407127 37.587168644301215 63.98076852014622 46.7859099479024 49.014413293217466 48.87269790356698 74.02622251213668 76.9353047148094 64.45700642460655 71.59687168808385 52.188185234760255 48.1017563704207 34.348114563648416 37.569952493085005 12.213524779702935
15.521462007043022 20.424948979072482 15.558081008606703 27.354159064720548 30.47217495164132 34.0889096520784 42.8071134214095 61.2432238075807 46.23713124884882 34.18064414904895 72.36955811028392 63.30120843415229 53.67826849192742 55.08345925783337 47.269692318858155 35.60107438476083 24.276556937445463 18.70537944031239 14.850876028040005 9.063559888194908
21.032595239785962 30.666548759918538 33.285714457848634 38.94198288495178 49.62788659109508 55.556789853091416 37.92658288839593 41.09802529964237 38.085595297385304 29.974529913893424 57.62831048180429 55.289680225383606 84.96538095535664 46.0998227219849 47.230946381925705 34.09571520030861 17.143505052358243 38.119232448580306 52.26955292291068 42.16159995225039
43.62507925196511 38.83556675742925 44.0621712040612 44.75084731478173 57.40963628350145 49.18635787516771 32.820136146855496 41.317930354400794 43.61447878433859 43.00575026180663 51.16733396868911 48.861421719237505 36.84196398852371 22.393795683593098 33.01664823401097 47.907739716383084 43.63270384449588 53.10226009729347 32.8033670379734 16.822447527534592
50.9381486374848 44.60819831052962 26.621340864728335 26.558395834747365 36.33332446608055 27.302143343683525 31.1618772581447 37.543534286088004 36.5721078427771 41.39959387442087 47.165305870281436 37.77231271071992 22.081070195365093 32.61777737634999 30.776032861967657 17.778505135215322 27.017319513268262 24.749544069305994 27.190737586222888 23.472156570259653
19.35119848823343 20.747637575533467 23.114444957114102 25.99043013110319 14.83119414279799 47.727177401845125 57.97967824950557 61.174374989800796 42.28950571421882 41.81209173413833 32.647694839542 24.880988808054973 20.24693492965927 32.10199117672509 25.286481154221644 37.789546525092426 24.552677759765245 17.88077310627378 20.719401200618005 30.290519004411827
