6.569255740173717 24.956101724090537 53.55222564934603 54.39079438170259 36.45319764941635 44.01472167406121 64.91778153851519 59.96402197087687 59.10952128137133 42.317849786339025 38.77276149884441 32.458500972380115 56.34445200257181 25.395990071049702 35.99665721524579 15.164813449713636 47.72198250501296 20.541230520925623 4.557317558646259 2.7312382262384167
16.717028565679307 12.200438625642295 32.07722694051388 45.680179491880196 30.745382159524713 35.73122751910603 38.17395648049312 51.04605943427388 44.29747541090248 45.42898044134023 34.071603744419875 47.32505376729316 65.70537352026821 47.543772246774445 18.716407268972933 16.453054560038932 16.257460989206386 21.411085795400147 23.30859950133592 18.212151202207146
30.178871101985187 44.44084896287457 33.69354835991433 51.1382366205652 32.9682241460579 24.778930353034884 25.87370085230374 22.1397495648321 29.8416235207621 29.982712922645153 56.79883048035536 34.751229524534395 56.68976203462892 35.86144741960319 57.17327654751689 47.72940645642225 48.9064658909635 32.82305383138428 18.07124139878949 29.054207252763693
26.874994920503365 30.67765972865921 37.332501817080676 25.946795806980415 30.88587160163369 25.494130123361433 33.68689536211652 21.06869784564075 52.666601831712164 30.658363713230695 48.31415279905717 59.607958615641564 71.18089996922903 58.76638823992938 57.82022921567553 52.80315536191787 43.29488260270249 31.820780568865395 45.709428769282134 36.80259353610623
18.836517320303038 23.700871113155955 22.72794488443242 17.74782938716234 33.88643124849666 31.442206322177626 39.269777279277726 65.48815309476531 46.23269097251138 49.14782293948388 47.862747050841605 73.50846005594929 78.11291835685032 62.672529810842875 73.0621345370899 52.97302926652096 47.68521956934084 33.583770293407824 36.61777197771351 11.806627261742069
15.828921125274105 18.962602658916612 15.878257593710781 25.823591362911678 30.318563629877968 32.48941638041137 43.72563689043387 62.688900708012206 46.60511063569338 35.64896401667893 72.28649820860302 62.20466044851502 54.923131743791195 54.386140167676025 49.095216107737414 34.504729215360626 24.405699874331155 17.378512847080376 13.363354229417828 9.079573201708252
21.09503617827067 28.890398335813238 32.45387491100613 38.78344821050899 50.447298918801074 54.28696147956986 39.57025469543704 39.51695376574956 36.894401571267856 30.806822491546463 58.487235296055 56.44705214873875 85.86732397555068 45.68540999932102 47.54149994122442 35.326902213740624 18.853915101097318 39.513394426283206 50.69347732966685 43.43196509770554
44.32608980219343 40.26830119370641 45.42054972437401 45.70237662314938 58.952643804794725 50.63175854879017 32.83568693721103 42.16468468814824 41.78395620702272 41.396509140945206 52.10011871357009 49.09971890886744 34.9733435766069 21.25070315360642 33.33090841019805 46.70214372582829 44.891004846327625 51.9541948710695 31.737066692147636 16.610321538563092
52.366407812261876 43.874581433189746 25.805551331559755 26.61507914233222 34.393453540954965 25.704434632693037 32.6021318601629 38.03902137868901 37.64685837266957 40.6138607440075 45.6041338024321 38.96385005503333 21.084593305176686 32.30326773884289 29.677432036672702 18.330307224621 28.306226746525518 25.718035909912558 27.948209700400295 23.681824393599587
19.10211042848267 20.709799987392664 25.066664751112786 24.78061435677728 14.064377996936567 48.32329523970928 57.562494736395166 61.599616725615626 42.95794342125283 42.99679048692947 33.69528371887813 23.929225938515206 18.87935371600302 34.02844058852558 24.009806282961854 36.769654178602764 22.90365860058145 19.273105623289727 20.12720808614265 31.420809563437295
