5.739230096438807 23.616362175221894 54.42508933015499 54.84453786603233 37.572355808289316 42.27679845662678 64.22432506895674 61.939510413120885 57.42077992103624 43.17437191876635 37.05100237869502 31.547426862043608 57.65531785736531 25.43326796388428 34.30384732858984 13.77783695590972 46.07890435304413 19.086136405739424 5.25215934151975 3.2562195302012786
18.52654466156772 10.744584327356094 31.138509704446907 45.97668521151919 29.808401371052355 36.09326897050685 36.290637236749845 50.579904334355945 44.03706074590672 44.43792842682717 35.71531885212187 45.8512004199477 66.39095718642011 46.08661839761111 17.521131663717416 15.980730755115495 16.326541496889703 22.457378291711137 22.168665518139903 18.09361337140896
28.669089989008807 45.00923407398275 34.09681743547676 51.577161693060845 31.67513106701053 25.77389687755539 25.662536596355913 22.72827015434869 31.007159463904628 30.26451158644417 56.25066572123753 35.43543797658574 58.013364466535045 34.60102225196177 55.46296290319661 47.95981515680622 48.33366991214688 32.200248850613185 17.6961947655312 28.33366135994872
25.907806467586774 32.36714763226573 35.8135255433476 25.606126775803304 31.08814123678268 24.079516560822917 33.066127731379524 22.644366901586242 53.54767016820045 31.97743898053106 50.11316789176394 60.812591084122516 72.51172067039941 57.97265222817891 59.01451161463914 54.40409329700392 41.54739601741544 33.702470872530384 43.920910735420335 36.92254223334467
18.535414580898212 21.765420538584365 24.321958432869014 18.411122751686356 33.0781062183908 29.855458153596604 40.738191765172886 67.30265084551438 47.371446680474754 49.978067224333365 46.48955584872144 72.35196997228623 79.39819038826315 63.904176571522854 72.46356700344576 53.62112389873821 48.13908288410498 31.850090174801004 36.55074265144988 10.522735569624654
15.75011615872748 17.202238688058912 16.781921578961292 26.119162577963 29.044670661612486 31.75868604285042 44.55965184701703 64.63908016265603 46.139415461122056 36.017465728831056 70.97086240438432 63.92608796232905 53.7257970593472 55.620886572712664 50.80793593851038 34.28272762669353 25.268350276284238 18.493339870031228 12.392840339297868 10.882946889796452
19.908842787310345 27.24297353917028 33.076319616287165 39.90067636359168 51.992339185025465 52.469851977769736 39.008877972640185 40.82153030048663 38.099166312636434 31.083540735523375 57.09647820899273 56.03052891784243 87.77348851666889 45.38349959245225 47.87318081937781 36.78932391214177 20.510397750431498 37.92677692965134 50.59560202487415 45.09767712631511
44.97591339884862 39.75321979191453 43.45719311052257 47.45340109082751 59.830894155035864 49.18103105581392 34.3389987364588 40.883986535742 42.94863888932802 41.17882825407139 52.394237489662835 48.79929529367669 34.66794216432902 19.76553244043465 34.388054373690764 47.20891285060933 46.255001320330095 53.73908472912977 33.44709982812075 17.401891923202662
50.885987302929045 42.331009947252596 24.8667978078588 26.358041144092105 33.914218497900194 24.48649256958613 31.670440020506504 39.05062613698426 36.33277148710027 39.10069710106145 44.88070362462826 37.94110553193676 20.55617808537543 31.08650435110117 31.667180473197003 17.890223623471165 28.74425510338295 27.128104037117538 27.638675113785713 23.06373892277185
19.09389899901084 20.350927677070576 26.31941841589333 25.69830957087518 14.118352587917759 48.409118047593424 58.116346016437475 63.436434986183905 41.3051287100438 41.34089573206793 31.857702980344566 23.10885913706245 20.761045432629867 32.68449926130113 22.25180941242402 38.48045769558864 23.644505927304337 18.956386493405567 20.965716348049355 33.20419798401729
