4.598204255398082 22.75399826388082 55.358067974679884 54.85503786454284 39.206149614618205 42.080972914238295 62.37763097532306 63.12228542479048 58.79245031397015 44.63027818597777 36.84006745678855 29.626954542551047 57.44247566873669 24.934544713920804 34.18960923707923 12.65052044149029 47.40889497605397 20.873365774652775 4.014391660167202 2.413690993039015
17.068233342854878 11.323733537390456 30.759400160689946 47.06674146109216 30.71525236652364 36.561077108741934 36.18117978686826 50.92683506095499 42.88567256311404 44.796262998532775 37.28236930152047 47.432222825822585 65.56506718079969 45.410992250048025 17.518185986671092 16.96762919685229 16.527714040437814 20.53688799434472 21.44469825295947 19.659333556854854
27.685808714227342 44.678626078635375 32.1772048195734 53.32118711793855 30.845495427974758 24.589289209111865 25.936777823418684 24.48795921556941 30.72717479742894 29.824608647890717 57.72504356585104 36.53431313887738 59.042021292998484 33.45288881954818 53.64200320741483 48.44960607701398 47.43309485013622 31.927868784899943 18.955920401062244 27.523046898479148
26.576436186255915 32.78425453841714 37.49864814878763 24.921169323215565 31.051841199628438 26.000513190970395 33.8184083762163 23.136992153149453 54.6732525992678 32.909791286617406 49.968792766617035 60.048094203485405 73.39174344825936 58.178505500979526 60.53852882599553 55.697379447685215 40.60131297504713 32.14218482316612 44.00980622312847 37.73863530281902
17.617277225024694 20.676529752970104 26.31870385372054 19.914996007223365 34.32401729106067 30.372436791469095 41.763836219805796 67.36158025545048 47.04579613785756 48.04933832982793 47.72019895871495 72.96422107727594 80.74591317890427 62.48954873306059 71.7435118738343 55.42743519431102 47.785259776435026 30.48126785860709 37.18310112661606 11.486992643437757
13.966765080030111 18.666458233333966 15.160589131067937 24.824762135777863 30.25911909513354 30.730371289073428 44.125660484427556 66.28428588236743 45.97010533431403 37.35061760810576 69.80778848140822 64.71642141881239 53.96067732923276 53.71107040146005 48.994509568570194 34.51004972684957 24.79409323849562 16.54567170184447 13.432743306169511 11.302940407104002
21.598189624238632 27.689272036050752 32.12125693815136 39.49564315253797 52.57684472878515 51.6309978121336 38.992980936882134 40.49813926326975 39.914942780953865 29.460405156853284 55.92780273934648 55.42564558643765 86.78877287567029 46.48371068048578 47.60883512547174 37.54258415725153 21.70705341006338 37.16112370566451 50.54286360471393 47.04646380310013
46.04567692821067 41.27316784017297 41.53300857855716 46.15008978784836 58.21826820665003 51.01165647401501 32.64338709759506 41.018611896982094 44.23509318956341 40.396271050988155 54.253338412498294 46.931580966445296 35.59878270642368 18.486849611115925 34.79876385899817 46.29998519546685 45.57442885587938 55.5651270685824 34.935193677506405 16.584047745218946
50.97062771451605 40.73242506635323 26.44947926162727 26.116822438823267 35.01781891097272 23.806148599513484 32.283868860599235 39.62471876946872 34.603313914134354 38.20705776310026 43.642086091343515 38.18818865750778 18.695884483226244 31.327768230676245 30.89112189485258 18.502023572070154 28.49312108168797 26.144258790878634 28.273633306454865 22.999331927357307
17.31484068147086 19.281555957799355 28.0781369931268 25.434510465879267 14.187970467280977 47.97357628988046 56.908018978109304 62.06750067180964 43.05544949237642 42.67269316837877 30.24103358062881 22.915838110380555 19.937517688781767 34.660076281460185 20.59056232286297 39.310518441138846 22.06224113530155 18.37135335051 20.780891632323286 31.82208274374124
