11.608425744386249 30.846554804618147 50.275313858458155 53.98249728458469 43.518853156478734 37.795083453640885 58.498567933431985 62.607166758869596 58.87432705502601 45.951413086020025 32.47950274941949 34.728374086971854 58.46942630875781 37.3644965156066 38.70543005315763 17.176870916554137 43.25552853737359 17.864792824249587 9.439661022506797 5.8565437328901435
10.116596661160084 14.68775484414978 32.87118997518082 37.316227623096296 31.591142908588356 30.320959155767625 37.97462972635573 40.65342309266607 41.827382495685924 40.790533226752004 38.230439924375204 48.608576323195535 67.39193733324143 43.840837267011956 21.560533555667174 18.53861355936938 11.815982027663518 22.748915889066968 29.52083814157018 22.530435963653513
35.0496641915358 43.503318161234915 33.69568097039995 45.62755813067208 32.20814455349222 22.03715815799242 22.662373407698922 26.251657120795613 30.344671267199974 30.65679251582152 56.16943269435013 40.42983757030836 52.09626427179541 36.09612765596784 53.93354194644697 41.45477176648366 43.12431831169112 23.75550205289271 18.125840981748745 24.52983544268483
23.262472523092416 37.17690657490295 35.36575656781457 30.467923189551787 31.996316329104772 26.565093618537745 34.08560834018147 31.033882733136313 50.918793912302284 36.49290160177338 49.2894179355519 63.898861764078625 65.0755869120713 62.436446317228175 62.216706539679066 55.31527178817266 43.10206239889535 43.184913715734965 44.4693140298233 36.09839650106032
19.867906618425376 22.23633857796412 21.326355722156197 21.260819356591227 23.99207280023524 33.145947293020576 33.078915957659326 61.36259746376777 49.41447858927717 52.003473145086595 51.52581577084095 71.55961286754383 71.2355445021345 67.67470489614314 59.92680876691835 56.34866978903844 51.58644051834005 29.417939737563202 29.023845153907562 14.666741095644888
14.097391350959404 20.52564581776653 18.56853379030097 27.887761633620848 28.761139792143684 34.10206898388292 45.70322364697576 59.237559028047755 41.60068478261907 38.350352893396774 79.25859863360975 66.28216785088401 57.76820929433484 53.653091159244596 48.246825285202135 37.25336141805867 27.391173748542126 23.319243550636102 20.708223463919026 17.91871417529256
16.393156320624318 23.664362821664334 34.136262109596686 35.69078076957686 44.19187566011341 46.56348113539454 44.54173394202459 41.72621563984437 35.493566593577775 27.620601813027243 52.910507139011564 52.56929151337847 77.21259525298224 51.1927349077797 48.4017734682252 33.89182530435312 26.605518358980806 38.188410619109845 51.7473168079389 38.427553417443534
38.29341593850865 41.51765950376064 37.181334346520664 51.58063089582488 60.04692632574514 47.191859593141885 35.27490385851431 36.23223996481768 38.44683897363796 38.569381448752345 42.61722245295058 49.6500208030633 29.699933500951197 23.57716809858329 39.16724920589612 46.622626805983344 42.2416014603424 51.36226504129 34.670073390722024 27.458480222036176
53.659210365473974 40.51767155929759 30.111500900921644 24.46791678606537 35.15209551386583 30.297236407884423 34.73209999233128 30.684531035230385 33.84954445787954 49.73993715144338 48.241838079748604 36.17796992982416 24.566694200271108 28.90910142941484 36.893692851402434 22.124994411582957 20.31158817392827 26.21653876402516 24.09895391881493 20.592703356799497
9.396590537245972 20.469512696218047 19.975232292663044 22.527689046428133 19.006815185475645 44.45946429792604 48.84876245225904 61.72897537025237 42.41113571135632 42.53230472300504 31.670518796699472 29.954184436831596 23.063389340108486 29.845890375417223 22.320811037365793 28.278116970562298 29.692042354214042 21.66875379221243 23.630784751861718 32.51668889611244
