11.803052681355839 30.694517443313906 50.77818999275752 53.059502044907305 41.56548028533685 39.552316373962036 59.23393475347179 62.11226571609468 57.44386759694095 44.845712549990594 33.6804389698637 32.79222245286232 56.472643739875 35.587898923901875 37.90098014687203 17.95535914210855 43.89810403576892 16.196293331106865 8.336601561989605 4.972891797842883
9.334760403997532 14.380685191634825 31.482370147783996 38.63993200120919 31.94471453288334 31.742132965737973 36.16093293979055 42.53587399235834 43.780006899218776 42.59909519289583 37.14908144486849 47.78246958067222 68.96244994229521 44.25531770277524 22.140922370568738 20.34233549540372 11.681531502031937 24.31951227184342 29.470150846129023 20.96868353106185
33.73346038585218 41.66831191043608 32.23256138946626 46.65376835485122 32.15753746016898 20.041414466859017 20.730774307179473 24.45904180494776 31.99865781548954 29.964595660386788 56.12153382185218 39.57523075420819 54.08368847527515 37.113932811088624 55.26567579127789 41.7545521808366 42.3748789822155 24.360762425142788 17.529976377305886 25.195662142406597
23.22539080206574 35.49023569190384 36.25401804732977 29.606721319433362 32.009821903023344 27.861888930791004 34.608038261438026 30.433623705540974 52.338038580145785 35.14395703449203 50.61006450925493 63.37435801306588 64.18302357528897 60.54287211383451 62.38629482928918 54.07093493172751 43.51226136247566 41.3164327410122 44.139814754880604 35.31577301418788
19.851313592975526 20.956075942083196 22.362702630070608 20.7134702114291 25.132157246627504 32.14289889088017 32.339975063090165 61.15793983684712 48.888784830446696 50.0250907601436 52.587973339258625 70.71643750146077 71.0854919855972 67.35123575653967 60.90937119405512 54.641142264708456 51.93608097911692 27.515760315133818 28.510118679488354 13.035506854429112
13.091408883261112 22.084672655672012 17.314415473934076 29.294118244616428 28.157549094138233 33.932451913448745 43.96106861083753 57.79913783419307 40.0839421692702 37.23642178664261 79.26339241679244 67.48645423316036 56.69700072093968 54.08949483677372 46.42240768288097 38.67668967790447 26.806944646342558 23.82396030538751 18.86773822000659 17.032834548808733
16.994707768628658 25.21407849322778 35.75949867873155 36.74096292996799 45.57522816120949 46.70323703694288 43.267082423955905 42.314268602681516 36.044084022926846 26.99917254273853 53.39897571346367 52.29111982321072 77.69585239935347 51.15351913033832 46.40196418904872 33.64468096826171 25.458792011608324 38.657970206268594 51.30540564472863 39.59111907175984
39.30365138391026 42.29887589254667 39.01747413154558 50.27287199448119 60.60502659376481 49.11538507217794 34.74276070116727 37.41497263731437 39.95702469928195 36.984792769512175 41.13872725987001 48.938622831007606 30.66431223018374 24.33510270794627 37.87049780169134 47.89653521590051 42.16220291484025 51.20421504324415 33.87612189074529 26.345861728781525
52.17721242866836 41.60889052652238 28.442425477667946 23.52475913608045 36.0836407756616 30.723414932992593 33.58082984383902 32.06681556364164 33.92307923238544 47.87164840022844 47.148181693661314 36.86307790185021 25.1825431488863 28.95039395197084 35.992034678429725 20.364803273456797 21.140467041763216 28.029180865273688 22.484212895271227 19.716373047141346
10.8746371940899 18.90514198217583 19.055008005798385 21.987801634033378 17.836587158525187 43.91505169652166 49.24888191546081 60.55516343529222 44.13303369615697 42.160364749867284 33.386602323970024 30.656211187472636 22.333693089760438 28.48527074416255 22.033575585801877 27.849921065461196 28.1878440373126 21.51678067357796 22.542711538993768 32.28312790273917
