10.459542890209423 31.673516361719457 51.387651818786466 54.92436722092978 42.338877463107906 39.87350153721107 58.1009757931384 61.13532162495194 57.74446174365628 43.637884915251334 32.09943401621794 32.94486588691072 56.32961436872928 34.312764196479435 38.05604996441473 16.457796785499205 44.127960438358784 17.312712868490134 7.803083425359011 3.972955933540432
10.324202294926666 14.222498157413572 30.518872827285993 38.68096002275293 30.636980658462733 32.10879776977361 38.15391938570017 43.76871155179734 42.79375830064069 41.76308500052665 39.03439839818902 46.35131063133193 67.35376801558893 43.655409190567966 21.97180804117345 18.790147061305177 13.022992056738655 25.86773901835909 29.857287585515955 21.750208629733557
31.73369883890168 39.86348454357737 31.079991061098934 44.994869236553015 30.931611186395248 18.167424177821495 20.950805672606396 23.18411325405854 32.70723494299637 31.626326269668454 56.71538791311158 37.660400876290495 54.05421542926592 36.808550380371216 55.953598894306595 41.0772360202877 42.99833299374122 23.88092594899812 19.50848331250831 25.6080444726382
24.939883556366915 36.16019985970936 37.53881916036893 27.868815528926746 32.39494204330431 27.276260122160398 33.26884894688599 29.94604560419083 51.17761029428275 35.41711342222447 52.39720038159749 65.04199348523946 65.19905498500879 58.80491289170383 62.86446915882776 54.402179463084586 44.0625044300382 40.60087711215749 43.08375985155249 37.073783035764684
18.68756855561908 22.780490378765183 23.599924716006615 19.81494249111674 23.61319612644416 30.38035119946277 30.81485985361661 63.058168119073386 48.36028710068859 51.00885682133299 51.163953050036305 70.26415411889268 70.80188256229746 66.22455923094415 62.698228645490865 55.298547626262135 51.96668171099722 26.453436689028905 30.08335158265068 14.90030895144385
14.07755152967006 21.490273976953542 16.046133553247547 28.92114401520858 28.895189776657737 34.165125589930966 43.846884894096334 58.521084783361125 41.76555428619914 36.31173370117731 79.33345339618005 65.66398274814233 56.45373704994289 53.36176984044567 46.835440578553495 39.3065245595374 26.11496709220242 23.20815241891674 17.771804920521603 17.031027880077648
16.80972429467132 25.432565374245907 34.14756407690711 37.53641313457601 45.81549182201667 47.81718060621961 43.347567685872285 41.529817912202844 37.64787144750331 28.426886882722638 54.609201277793254 54.15847486478496 76.52218520100277 52.59986485473895 48.04211780224805 35.573889121298215 24.499654646870496 37.94091703756068 51.935406083011614 37.80789026857515
41.13945548395976 41.22573774781196 39.31646498261457 48.38247551585549 58.692652938352644 48.48576003359036 34.56748563395923 37.857141644083995 38.106339508491 38.648361933279716 42.027831267517854 49.640759997447084 31.66783599605662 24.434841124497744 38.543050506067544 49.57062649982615 41.358778958148726 53.08838976154722 31.88826159631217 25.31880479674846
53.53808735433998 42.064562361959766 27.537627460457877 23.64677504154406 37.22343708723137 29.89537474587296 33.258042762014284 32.463159748222466 33.03897715608602 46.93367614991486 47.56890312724222 35.23522442813352 24.524435891021003 28.884393197565075 35.764786626082184 21.007395872824535 19.680621751687276 26.17649699334281 24.136494685140228 19.465069593393213
11.496817199042342 20.706842620051354 18.674320207423705 20.812373004581723 16.03955960714253 42.130654345578336 50.18113533777921 59.54160077933393 43.3203968572074 40.67014586643244 32.282954758044376 30.662990435963525 23.672793948527836 27.982986630883772 22.989831618923798 28.256430170482204 28.531842828600162 21.845839323157804 21.881512867690798 33.70754391489927
