8.73651029019985 30.419735432620755 53.0741951214923 54.489622640221654 40.56251765799872 40.020440784636314 59.98366961100128 62.963082458424196 57.48031384042938 44.867619454007055 32.547380592376264 33.652245587855504 56.87468764464042 32.84595747983765 37.44754692157028 16.680015647165856 45.43993310635042 17.353562966938735 6.832152097497909 2.8534080397631936
11.871105512367778 12.323468183485174 29.904082302908304 39.85468629241848 30.853427697519397 32.66395534553198 39.44319388928199 43.21341320238905 42.56392778898248 40.50955916862239 39.84337963272671 47.60487220616216 68.76487071902622 44.651538559559384 21.64775884873275 17.63025172462346 13.116802043356019 24.566330101109784 29.417130325483186 20.148218417742918
32.94067485662356 41.03246599140702 30.926223391144756 44.490011963451636 29.419260000347254 17.152406085774977 22.657194882861134 24.1078063035378 33.08269963330884 31.756133864515697 56.154637403611694 37.817068521675964 53.50383812779819 37.508090043376576 57.48929728134026 40.07438432722639 44.145386556750395 25.680704193818315 20.760280361171628 26.154808342391938
26.45079650598777 36.31427760257529 37.54154990092385 28.84845964637622 31.13418561698707 28.240903810995146 33.88001287559028 28.463813185184833 52.238948119222414 33.88382485008911 54.059171238836605 64.8200457324254 66.46436006185311 59.593626984935106 62.295424995244794 55.49169754287699 42.89090428911031 39.54097475217158 43.3138948647906 37.21677553338193
19.072245133090576 22.861448928024494 22.771138063456664 20.958298996761382 23.452923441926043 30.77493472777216 30.498483950510312 65.05747384696916 46.55650291419301 50.53655206048245 52.44229142983734 70.36794748500684 70.19532065467926 64.84603159400089 64.30947987225062 56.5387655341674 52.46581911582149 27.81361312771942 31.910402277120376 13.712778813328306
13.445752358608058 23.33956531254374 14.739783694278644 28.298362253299043 26.975726110941835 35.513643940301726 43.61051477233715 59.06684730284589 43.69346712986549 36.184834833084466 78.78409735415276 66.71907610342741 58.33213653469159 54.69418697310594 45.79194833585687 38.74018053433859 27.7443732512656 21.232496026988184 17.05993553638276 15.938421242466173
18.704280673358657 26.636338927914476 32.82818557773789 37.45399089820037 46.39528757010999 49.07549561832341 42.131708439336045 43.49194358477526 38.06694344799953 28.832610089837758 53.32701297347181 52.729720273498145 78.22494148756807 53.58094110529746 46.97327560237595 34.44545988187426 24.231359270797704 37.557004805045494 53.79049921103407 39.281508984117536
42.68565882032993 39.589817013034285 38.40917606289149 46.82518537087859 60.34176841501194 49.41231318927652 34.42006386547757 39.57125125784701 39.29615519173049 39.71568326688922 42.625162230323724 47.755438230548464 32.9088137985101 25.129041073995143 36.98173529282267 50.155513391519186 41.112296280653645 51.56950504897248 30.75355175942238 26.65808945211174
53.80936213050322 40.13483993843466 26.284008355821157 22.770672074205734 39.09974859265001 29.461154153418246 33.69418201882393 31.510309185209863 34.46973932865711 47.4683414610292 46.3617449254091 37.09987802853033 24.620651582445653 29.553893739537568 35.601654472781476 19.109338038317205 20.298517844064428 24.263572254488928 25.65876332396529 21.063594925102084
9.502713418059015 22.546751944326765 19.56267669315025 21.102059060587106 14.727906562056383 41.89008029642325 48.533150234322 59.933606462203315 42.055812831853096 40.354404291853406 31.661322068914885 29.044756858912137 24.928684574511614 29.17856382624949 24.24525864583166 29.486276927415844 28.422030962509925 21.13432447764938 21.107919498903073 34.19151334875501
