7.53985457601784 30.23037784642078 51.42561993886399 54.955953229689996 39.91109164196643 41.05912119214329 59.18478096589101 63.91441297081657 57.64250040834617 43.30240998975793 34.06765828508115 34.711799047160106 57.57812578635362 32.17111132264799 36.58743170993337 15.75544874860131 46.33324739273988 17.089301517717733 6.59188353234821 2.2905155617590776
13.640309442319495 13.761025076286822 28.403418118046403 38.71057287457618 29.48681923980399 32.03844866936117 40.32633267081368 42.93099664243332 43.50895158344693 41.63453587904695 39.18045261553571 46.6653914799802 68.70561183946631 46.09823965941689 23.28150344856266 17.388451914035027 12.051908132480557 22.699609559215514 30.74402118564843 21.44414962745032
31.155554782377877 41.71342977295703 31.890766270526484 45.96914439434266 27.848388221006275 16.442153422068625 20.797568466758122 25.895196331572674 33.55780327229207 32.01156467660119 54.42802847409191 36.11724150196257 54.198096354280004 35.8335034225096 55.69771134959417 41.60912908715876 45.78474292759051 26.209886052125164 18.924047551819626 27.881066280549064
25.870400760366753 34.60731899516432 38.56142497084864 28.05195211026266 29.406076132043808 27.509456590773283 34.305428968488144 29.696397381399958 53.5288897373561 32.39039244152276 52.78164830076169 62.99468537296844 65.09556674716448 61.49060774498479 62.02158532426561 56.0897921569121 41.25550136592108 38.45038931251689 43.50987593655919 37.877204620707474
18.04232535519379 23.46168253774519 22.218900105109682 21.79457219386802 25.265675343682695 29.982991658778257 31.738833053295664 64.46814220628576 47.50917259502862 49.65899420761222 53.1055880607087 69.74536682255139 71.56046942664473 66.45656969875823 66.06226448434109 55.33432921063345 50.67818630985095 29.264178877959967 32.74735063450513 11.867769871521537
15.021707935936325 24.21187409329436 13.573051798565922 28.48474600758848 27.01712302432224 36.828505948252975 42.12796536413359 59.10079932517692 44.015329657901916 38.123772300394315 77.64355151322509 67.7514209382019 59.43306021240134 52.870359170365965 44.870748657839236 38.01187271564306 25.833668491763632 20.185483092599707 18.250786983845444 15.337010656681429
18.060681504750278 25.095998046895872 33.47426362859581 39.146065308914785 45.68394256868212 48.946204320690384 41.84540527469714 42.16579862982551 39.2539848873869 27.538633110553864 53.68709727512352 51.86402315760498 78.40687378203252 52.01733868695714 47.27405817509772 35.26190572638211 22.625338319207586 38.17471263493033 54.29048967240936 39.88331834729962
41.47821514889421 38.58154064524091 39.71151909706533 45.33731311389985 61.05884165701229 49.768413568448494 33.23300046561535 40.02086796642686 39.98613369769564 39.54650076694625 40.78349683487646 48.874822896193564 33.78546294830623 24.74479636355077 37.12699650538452 50.21308373482195 41.39670692634881 49.734887864608595 29.476296593719542 27.243686368962504
53.41419295908758 40.76251052832019 27.97927784858468 24.119209540949626 39.630145481326515 30.779835342945887 31.694807909681302 31.013097460798562 34.7408849380346 47.46772733932643 47.45217477416385 35.42269684786038 24.972211205811234 30.71333978021214 36.398998336180874 18.20385666704033 21.17984502150184 25.30126107029381 24.60839501067433 21.12810548785446
11.313985300444074 23.23202246308291 20.483558193746617 22.450644687095725 16.557481723833988 43.685806924944586 49.908217452413865 58.93566260660014 43.205148769333704 39.01805668423066 30.212650725650867 27.975447232477045 26.101472999392367 29.255515852493946 25.76424878113384 30.396604332973205 29.989689317220208 19.794748992996674 20.31163130277917 35.31034509164864
