9.090487494893164 30.598374633768856 52.6208590542767 56.68802774125428 39.57577660335861 39.473014133095255 60.430030839160004 64.7733782842306 56.4441312870859 42.580426864962675 35.79255585572898 36.13127662576312 57.108017494755224 30.723128478244256 37.04289196211469 14.224115067352798 48.08946589478116 19.070743425903117 5.140774789221611 3.541220407117794
13.770367499942944 13.213694863917741 28.11641430867763 38.57745115233397 28.72817738236178 32.444716956226266 41.649765862939105 43.8138399583584 42.3729960553008 42.64823583639167 38.79251744082865 47.05356406405478 69.2532088407341 47.02902694293409 22.69647058949626 16.557505006565624 11.816592602701068 23.043864951098612 31.323905319953287 21.079295954270368
32.584921589457466 41.42739768810692 31.410248303948585 44.46508427383187 27.58494588007855 16.149993326067413 22.375798172268205 24.734024403316738 34.68911621965686 33.56728347471306 53.11676321888659 35.51974843043437 54.65352417601772 35.540347513424884 55.507056680394356 42.46493773019527 46.63732870535388 27.061930711963484 17.780699186701476 27.53705730480016
27.244517311306133 33.4540037259875 36.66407857365696 29.389954031510207 31.225989781568842 29.03071740669073 35.73944279024947 30.652811258742656 55.30693930806336 31.571716380285487 51.438909186929756 64.28525737281647 65.85685445878215 62.079561787406895 60.474474594662574 55.91667660238768 40.4154065293259 38.159039262146386 44.19753448969405 36.164740227154
18.481227432640924 22.63166607240999 21.07023128693148 22.63873203962845 26.69859701636893 28.31523339632084 31.816959648336475 63.128169074484354 46.34347090310985 50.4616415932668 54.24380829006786 71.19482223229768 71.85591343274575 68.26310604604015 66.05771410527412 55.34226417938377 49.86367947063124 31.028103118674547 31.14188822070784 12.759555059596167
15.066459180677032 24.789784855128204 15.39273669689445 28.3786109539729 26.892374246287893 36.0130079527212 43.721064796253735 58.24075890914667 42.28161108757816 39.28228931789214 77.45332935482442 66.63955020932617 60.54934393759903 52.74719829629326 43.976450240339055 36.33387336286536 24.918353306343924 22.072507197776144 17.408884104544185 13.747831376678363
18.836635312266786 26.884370413943383 34.004615748932814 38.00881298598907 45.19237809926318 49.840219590499935 42.420396552357275 42.401320186207535 38.48063983824852 25.770494276630806 55.33936158305167 53.67629736957079 78.06444956474269 51.538550003598424 48.71065643505031 33.787663380351894 23.883608392887663 37.87100766142083 52.50317388417264 40.46922498636646
40.17235926968157 37.01968538447633 38.37263660348868 44.28637104235865 62.558577669571164 51.093252773828596 34.424368883925005 41.88878596572553 39.31555493740751 41.384893167044176 42.62918898860293 49.431936009469354 35.564041395626234 26.192947128555367 36.08585002192281 50.90684647780157 42.23994991809857 50.166620577528114 30.98018948536734 26.76106601408809
52.93670558716609 41.54902437906124 27.329859296541894 25.799701657563148 38.22108903288659 29.02759435200015 30.507633683821155 29.061625281020465 35.96714931828374 45.680051986420125 48.22798041072989 36.957838011807375 24.76664784679569 29.814775659881672 34.79652409125499 17.40373482466301 22.91369371445951 26.092416137222692 25.392616711365 21.109753489003396
11.021267410412351 23.330920714060216 21.586740354100726 22.34926578280772 15.926659654975147 44.447142540261865 51.78795780318427 57.76888986506029 43.938523515664095 38.140809052280595 31.99445681129956 27.04893689867666 25.557826227277427 29.52198871081453 27.344911614494784 31.8557422422961 30.63310352452976 20.47879855139137 20.95423564979655 33.396430994499326
