8.188358050657747 29.771117670764514 54.21052189634046 56.63289318838289 39.08675157920622 39.55953169254251 62.324813258391124 64.93067336638357 56.185725008708246 44.38387364036395 37.53303665710025 36.159881947338796 56.70358935102916 29.195497248292284 37.74400435719057 13.997154274636237 46.72808821857847 20.93394884019594 5.10115534733554 4.275755774363224
14.447710191147612 14.67674003336526 29.409169333411807 40.426353551089434 27.822045878457082 33.67463067901649 42.086558791666334 41.844167203149155 42.36110198191495 43.68263481572148 38.56191072458678 45.53189061617758 70.06206970390922 45.33806656879714 23.342140715589085 18.07477001401926 12.564658183062518 24.759650174310188 30.273105705806636 21.475526494003198
31.67225665563811 40.34430720924175 32.42748158878668 46.04102274536555 26.090534182793537 16.041978886331798 23.88363210579478 24.54087591004007 36.10986237572602 33.32039367282537 52.249808231276575 33.71379205807019 53.85963710528707 34.15833182836466 56.342679230153685 42.177781264950106 47.40839047045882 28.952586267772304 15.885995083617903 26.8986155484794
27.45758578193872 31.84387159433488 36.796373748658276 29.124654867436266 33.13808118875581 27.161291992058864 34.155607644252754 29.033484307719604 53.46154477723861 30.01498392152586 52.446272254353744 62.636431792111345 67.34952539039095 60.221766457686776 62.31847359033966 54.01186961363221 39.34643830548896 37.70729182042412 45.21958430153996 34.79603301475816
16.88618632053491 24.464559844136197 19.846685246572815 23.939996095982206 25.232307731967975 28.840573547709944 33.71823039748454 63.68519095558329 46.38705167924872 50.93349141233092 52.46284628192066 71.44374239886903 72.92788162067299 66.88473373966262 67.88367665002484 54.612530109104426 48.567464351296984 32.85133041061293 30.95588144002803 13.006749561890107
15.482191155955304 23.36861891707494 15.453598592474764 28.92996862548496 28.705158830788434 36.0301969217579 43.34257550795646 58.253542828235766 40.7102856007849 38.14820930269358 75.53303586507245 64.66147597055094 59.46963229524554 51.900930359399524 45.043390358639044 36.57342583316012 26.335505669426894 22.29368021101579 17.410705609677876 13.359744819586385
19.56569117652401 28.051319175611898 33.852203172598344 36.92444435713637 46.955914755615055 50.89756328234328 42.120922216174506 44.394015716074534 38.93816708188476 25.532767871544944 53.5568858543359 54.59733323496613 78.06895891377147 49.56330882964417 48.96679511172466 34.190577566447175 24.718733172976627 36.11639819071026 51.706194220047145 40.87347528872984
39.560727663864 37.291569519008476 38.754787007156466 43.728707182354626 60.8741772246676 52.28103790223074 35.19048190855906 43.198691289483634 39.57851882887716 42.57610837645182 43.78137843818129 48.950255139318266 33.99898983993017 25.51714422003499 34.24876622849718 51.762943775212506 42.41060820612802 49.333296796926845 31.38228520975788 25.088746704759714
54.298721496914894 40.76847288540396 27.30223527010367 27.398615542433262 39.53230115054353 30.94339956223308 31.420087278676597 30.548972921306483 35.966594282639534 43.87078754234643 48.619507064788344 38.44961625493023 25.422045005351123 28.107589074961293 32.82273298834257 18.6030490599439 24.65257166108379 27.7453552644694 24.679215221655237 22.39761780102807
9.719102885645519 22.480212036657143 22.686174810049998 21.965563026409587 17.027536181672865 44.961512094868105 51.33797958171142 59.51079657423545 42.92233281887721 36.5444502120112 31.886004014928652 27.459157996280222 27.286849382020318 29.18028176226925 28.70644725257958 32.69237401570381 29.189463877553433 21.67097396472781 22.114521139960754 32.28881051670303
