7.344793342238445 29.473247055288624 53.478531625100075 56.049941420963854 40.392767274708994 40.01983296266026 63.692778893994216 65.8308819943632 58.09154791747464 42.3933618975138 35.641535690095424 34.772187364915105 55.851916085683115 28.474095187253873 39.06994779063952 14.36352685359162 46.39829695672599 21.75088783006676 5.554409691439442 3.5223755605840434
14.319122955452922 14.10210661428182 30.22325812503309 40.09407459470073 29.390544640411527 34.14218102420614 42.43705908553361 42.05243334893679 43.75381167512671 44.567660747102856 37.05442453063791 46.030697761350844 69.95625584413257 45.34403856000441 21.66265708656147 19.582154599984595 12.837022534438074 25.16472046644057 30.209320890014585 19.79592036959259
30.929633767125388 41.11373649880784 31.473447722781845 47.666368781097944 27.38255366245308 17.66384098891996 24.367961424607035 23.424081166162363 34.79953298102379 32.896904940661884 52.17465195556082 34.16324437875519 54.7234242785179 32.37884430735924 55.99769563943246 42.88325687049665 49.30972373423194 30.556871890660872 15.682575514570948 25.66945307448786
27.00083997327662 30.43840836827823 36.69572762528247 29.49543839739837 32.02230758665669 25.910205945031393 34.4429382041269 27.282267390215758 53.65561166485619 30.979928458960895 52.90070995595923 62.52959603848522 68.40115052864574 60.143162932507046 62.06869785206114 52.61156019888386 38.88320208375707 39.59073185953663 44.21523469199034 35.84799229126041
15.73959928308704 23.98129493157537 20.550544125097215 22.324812623661774 26.24913867167566 29.609825564981655 34.22290833621932 64.71555876758288 45.36349127394882 52.44785483153749 51.96783272828512 70.55797259543229 72.31270162675665 66.14652378790004 69.72157225944248 52.97655294075119 49.85565960697738 30.888867102127445 32.50085541591637 14.844518334243903
13.835540349462356 22.94698932919577 16.80197618979966 27.106596906137934 27.624598793090016 37.8312894336498 42.68096705677167 57.30708780683906 41.915074561880935 36.78532772645829 74.0746538233331 65.96353039329644 61.15027481268076 52.70251340288319 43.869681813889464 35.96171624659501 27.712540516988007 23.271872088630918 16.88698473668812 13.501159508885937
20.008445034398406 28.84042384235508 34.65345731978035 36.78846004726718 48.793616060227116 52.38308609512495 40.40677200409571 42.52845623964635 37.40466908354071 26.66607437578828 54.994292097300445 56.04983192154316 79.9288454044725 48.69693626446796 47.20963747987537 36.124521980940074 23.923047727625747 36.924902817578456 51.774768385896785 42.57673298940947
39.910119868195856 39.24987447441034 38.851055847740966 44.80762602481643 59.101586164610026 50.88671749368586 34.03419643025589 41.465347599503765 41.14192936857706 43.62946404776212 42.43998670356792 48.32567681787443 32.63647966562765 23.764905817032112 33.92939444102086 51.15797791261562 42.566574574164584 50.07549177064503 29.460136200755286 23.886125145155955
54.62317907605613 41.39053919633156 28.588036081022008 26.3566875446038 38.40500783822175 32.555341985072666 32.29432922407858 31.473416629928774 36.04717890361741 42.08974344365723 47.91948515042194 40.045615713549225 26.238678225770023 27.841674701750197 34.42347775942243 18.39463532724556 25.206735977005888 26.494574354488407 24.116281825678517 24.042024701138978
10.63951184386346 23.826105804210343 22.905628050751158 20.817144046013823 15.046013080915058 42.98454128247206 51.593459929720936 58.06146499272493 43.927231275861736 37.790318538670945 32.330919242001464 28.1109344466572 26.42436651238622 29.992603350053844 28.139890934602846 33.21087953345832 29.705604183297275 21.259801691623885 20.642756295470104 31.28557620637311
