44.98135315800394 61.773652301736675 54.362547990034884 48.84913783797713 97.48936271376787 99.67271880784058 98.36456002701347 98.16363652230415 98.01589621056463 99.10630903890682 65.41375171786406 51.41782301051066 68.3995789340453 22.11439318216538 17.647445475358914 7.514884205065668 50.39126775678057 30.79705184040591 12.33897974771353 1.2299623908256851
15.938760067569142 27.88448589384801 99.21841445281584 99.77843685332192 99.64787206432389 80.60970757650949 96.30360115424317 98.01911156320762 98.25543060464857 94.11536798967741 71.72956008920315 43.77313939306064 80.5710377760852 43.58416238209122 14.385182466312996 16.604614311685005 10.072833985609394 23.424806786018312 19.304664391288924 45.28901210038993
42.05492069252034 48.38218480510353 74.67139451092608 82.63276576132762 53.79897715362409 45.95110786435265 50.63871551839724 75.54386932217119 93.49499777672757 91.75902311061344 75.38278956227978 42.36317106953206 47.6580098885695 35.12952939931871 43.28992533555511 20.459854892908243 32.467217992774 15.023617684377541 5.1270056563766975 14.796114018936091
22.88040227659176 44.144355300086936 47.558201866345236 68.11127300476575 57.37226643589891 39.67934065815461 57.33031603639929 60.8782970254076 72.40786042388267 100.5016372035828 97.41533712068325 50.65025205779865 56.01779107441489 52.675017903375455 40.62459415501061 27.286150293498945 15.898736596057443 14.898214945523542 16.954016526013618 18.647110724673198
55.64705709978389 39.053463391167426 26.181768780502942 26.658075646739213 32.171218802163125 38.43802217983347 48.253417800085444 100.89312302378377 80.39088877579499 66.65034685117305 57.34193123616367 42.44141353028506 65.7200197958299 55.136381437613814 50.86160675559483 52.893914233789936 29.73245665731833 10.765772738163456 19.790488186527142 29.8472563814441
13.896430559896478 18.967553494454506 20.279089236766147 34.73910424835598 49.56365499064482 86.26763431718817 81.84109790464626 77.3976187690043 72.01391477598354 51.3346516647662 69.69244230959805 35.762160728108256 33.946470430379016 61.59824123750422 61.46936964001373 41.48702014479614 23.068671953320695 50.419374298130684 10.503889233623044 8.18749025885328
12.22359149135448 26.651580980969147 41.47644659742424 73.2216151382364 92.05801789181803 98.47146564982619 100.46978993809591 91.73116911308378 49.620769025645586 48.245128792032205 39.97983756150333 30.503430067317296 67.91932738891418 41.75079511662837 55.28023919204579 30.76053030346578 13.105719118053305 15.234175603192428 27.569073835679326 22.07462994671444
37.19498497902073 48.639276033064434 92.83483400780888 96.8073484420121 99.47263814693633 96.00789545281968 93.50946785428701 70.7657660049261 83.24169833815814 60.13765331669801 33.695057572224655 26.43746438249591 19.240613961910352 22.501862072140398 47.80101279244324 41.22043132320219 19.67915933963571 39.59932149437766 11.034168754913468 5.972145982413906
99.2602387853834 98.76447482258531 67.01245114569858 61.639874792002466 88.21083131727683 82.23894151030031 94.91918202769412 94.3309029554803 67.83064141794736 89.20604434017447 47.82045479261256 31.242960850720706 19.04250148389184 22.723626569757617 29.226971722764183 15.055310845963863 19.492957967861397 15.267742186677092 10.726651111984209 8.977257595945542
26.135159421710597 42.99424543931785 39.69856721975673 42.46696864146362 63.23440923166177 94.42480296077125 101.48254943418843 99.18171184908975 96.53327689481695 89.01490476082942 72.91491744380492 37.39715615360546 27.338883973436012 25.609449515918094 10.902586151126687 22.76069381377103 45.61997541320954 5.38784537141816 7.252110533932152 5.848495795836765
