46.83333500068933 60.504448286338466 52.806498824933094 47.347728744393144 99.24111069084402 98.02656918805565 99.54557014788594 97.75339365571143 98.2424293578252 98.93949766448272 66.48914000797795 52.566665981120735 67.89005960260737 23.321853477823954 18.215175753813767 6.699257004742504 49.91762362063639 30.884402617689492 12.737656740671397 2.517271758617579
14.375766561063795 28.897203997840634 99.97285702752617 98.2285706975114 99.01593138372631 82.30161240583931 98.14366339045601 99.50925725764317 96.27892112858011 96.02846225974963 71.00492580738064 43.321013639853874 78.85157753656273 44.35589216951332 12.901821744335955 16.830243042777468 9.923021755359684 22.54213499990466 17.881935481174477 44.80627297252215
41.77191721924041 49.01567177871292 73.54603192345509 83.8535595446872 54.385540131813194 46.498868435865546 48.873668908405385 77.43152533728978 91.9297193090687 92.47333108325266 76.00323445014156 42.41337590513145 47.045006521543044 34.99635914420043 42.549466253851755 18.662726844253623 32.44595322770973 15.05829336677258 4.875102691990215 14.345940522761733
24.191161588810786 44.37689580555578 47.41202855441761 66.8329467104103 58.53187404226962 40.57779769644701 55.91527100507121 62.333812263691264 71.39837216130474 99.39833412524769 96.17371611263242 51.774659055806964 57.3514106020818 53.4566114742494 42.58798753655243 27.77182943386379 15.729577269417971 14.376210432785529 17.962040966177362 16.850157868674764
54.900713752361746 38.206826730826954 25.1448295070797 24.73280049876844 33.4431503055493 39.23380588051351 46.87722477922018 100.81325897775044 79.62928773388256 66.38509661815081 59.18567882635959 44.184013165927176 64.60856897671928 53.626072204394895 49.172771851716035 52.41283487631043 30.59898435201901 12.603512000323816 19.694989176371628 28.69356515091405
14.609131773961959 20.099554528065955 19.794974503776363 33.0615290126754 48.23414071869128 84.86891477834516 80.97959392747433 77.00477419790852 71.9077376992349 50.123986209255804 71.69233395780583 36.55799493650249 33.51422751287487 61.35935704046433 62.4231446865539 42.0710910255271 22.378136794344492 51.500611980661134 11.679935775226785 9.000202916428151
12.919449571995502 24.938992378958105 42.61953737803494 72.01865649109607 91.37118757038016 99.26576377029221 100.90950166504017 92.40201090466282 48.20571032888427 48.27208255397173 38.849016315347754 29.276904897558055 66.18144832684214 41.98450371609128 56.48769262320497 32.39637020359188 13.148023164958893 15.22489990601412 26.78185195484824 20.28045396756753
36.8904598665078 49.44259624334663 91.38258371590054 97.38819827518235 101.45680196835355 97.95815252019995 93.20559752080096 71.03357202777636 81.83846691025566 58.69022571572217 31.768224591171276 26.055915231415135 20.990603632508442 20.662908462685788 46.31108660791651 42.14056019138575 19.859485330731527 41.340510999861735 9.394087528071378 6.934583347629149
98.68109582606627 98.06598186631035 67.45179210018145 62.57573666398671 88.96488636840267 81.16375322020482 96.70189631966525 93.80207731254859 68.60714858576576 89.35445419361993 47.05378800084761 32.070404069561405 17.35750719347727 24.027338826812418 27.679528601873194 13.76749668597001 20.430935817229372 14.001146879047363 10.588623548506511 9.253054780849975
25.343279088046664 42.50877769330934 40.425442761377816 42.31492114672239 64.00126345005457 94.30514939802188 102.70420462977833 99.56488504193251 95.92823143778705 89.23887860606541 73.06228027462754 39.2377526661105 25.892946928947996 26.280853942199798 10.696222153311078 24.318044413487804 44.14860689019627 6.540853948968989 5.466771228515305 7.051204488074241
