46.3875359830795 54.84999974004805 47.042408074420905 45.87089216267305 98.31116275278315 94.08468485868234 103.29121547170347 95.66331465426217 105.30678551032862 97.60513859912535 63.715566610345896 51.58884958973579 61.96430166313623 28.472404848356497 17.596024321444645 2.2744004509738933 51.157640716733 26.60255065945497 8.545703186273583 5.397051665907508
17.34295357567511 29.365782970835927 101.78992266594106 95.61370378582933 92.97155687897343 80.45888849329872 102.16965050246657 93.93766219596185 97.66837592428944 105.79496690020761 74.63551182317603 46.72031225842134 79.38019702791514 41.92893932925644 6.465716232782361 12.775615415992005 15.760719254123249 18.92075195767284 25.825040738715934 44.62099350277397
40.48906608878184 53.9402560753758 70.68504879889085 77.34989182810338 58.3901724390784 43.4266577197309 49.259819119454036 74.54638723620866 92.9380220350853 93.0824690087547 82.56109814814825 41.30721671759762 44.41371576295678 37.82161682247216 42.57788586138611 18.509209937908473 36.22709593360152 13.799402982894248 6.209454265474186 15.322368359207275
19.643386654787992 36.78212806157629 55.52756398418724 67.93595248908811 63.34001796911242 37.43009804774444 56.334638024582944 62.8862452552287 69.88653488779141 99.9769824424197 92.667170818473 45.52134489709824 55.10899051475256 53.79750726916482 43.85328511030237 26.458790532557543 13.898940628262329 15.937189989263485 24.14451487864826 12.456992796398609
56.11902831411536 42.956168276447606 21.623511326921104 25.25077000357488 29.14895247792924 38.81042105918816 45.201617233671264 99.16405341871518 81.77682785470367 62.95613297660489 56.189887801405206 46.64483580277375 64.13708653565057 54.29673797392248 49.19006629596762 53.225902088239245 30.112854189743896 16.706728569068023 24.00680851977383 32.435265492454185
17.025723386956475 22.599976419490215 12.62540594160134 27.094686603201712 45.21203334256187 84.0495067226901 81.81954220994177 76.15078498137328 71.67428207839274 53.41099867075057 77.0776462516076 36.13835988173253 37.40274650876343 61.50987031333116 64.50834443585073 42.43206887046679 20.54754991184577 51.878986033764406 13.657224838436422 13.009318865775628
11.9271841563171 21.69091201251043 40.23623636151713 67.88131066104056 91.00749218457725 101.76728039931189 99.52459705583715 92.7081217028983 47.73059848943002 47.8341417821506 45.76027121666574 32.76328186352917 68.86153670924806 41.91259864093117 62.612144801169144 28.742522815509222 9.99298659981697 15.50076768412131 26.32715023693756 19.64248581411207
37.25506277095643 47.979044673565376 87.58382910400532 99.80326556684153 103.8381956966102 97.42707187853667 92.15259289411708 71.1646140985148 83.36124276828602 60.51001517943145 34.150403832419045 28.38284202406532 29.46782195575736 21.922521846576377 47.98832761314642 46.172572715252755 22.91770649126878 46.89857509541176 14.586773327850388 1.5577086423381115
96.32568283556839 99.30302864040432 68.93950337862172 59.71079083607395 92.30012148948326 79.06503009200144 96.26455462432365 94.79110990038427 70.35493190197742 89.62314166429032 40.98168893764584 33.10414459465146 19.825937994407713 21.46574241568596 26.4917410127101 12.82108256253728 16.20115082942876 18.489881063437764 13.63880407029654 12.148739804603492
22.97115418063719 40.21034931606524 33.89723917358535 50.2818420922672 63.571513891918215 96.09075186712319 103.09600372892709 99.73881473986403 97.32203444674788 88.78204609675068 72.89821597196907 37.51501140655559 26.884863246244787 19.21852110914302 5.514507810033688 19.847853739912907 44.528912390945 7.827225280648233 8.111757926744115 12.371925919431453
