44.71095419169905 55.58396098864378 45.06281491496237 47.61848764375657 97.37475479082708 94.2895458237811 101.74190415492491 95.88808529168398 105.43270647111558 98.29071775689974 61.9315009696533 51.87601182175697 63.28496273934737 27.590857213116337 16.964241169486957 3.33307338788496 49.46204324033887 26.304606625416632 8.199036964501433 5.071258363747516
17.807685874967415 29.852003653122452 100.27304590537682 96.67062357688401 92.61441671950992 79.75597370008617 101.21744469963758 95.14854505275748 98.64137243881711 104.23566685779397 76.01731285415775 45.76924501948909 77.99945689162517 42.11025322622219 6.301349606899549 11.119251228416903 15.055734620678274 19.62592798349332 24.309057471406856 45.36865154649685
41.97625013759243 54.26057336743109 70.21794303422158 79.02118106525218 58.379593716797785 43.80944312802181 48.40671842417223 75.9785316343982 94.12916183661739 91.24066521234309 83.73837612821946 41.94097077458769 42.60927351971255 37.53234392152648 43.372370962796396 18.18302888612496 34.76366980058671 14.24146198590974 6.20192739656461 16.645726664345244
19.784151844913115 35.95525904190308 57.0477864534026 67.09051189493393 62.18255834021595 37.89568693397571 56.83121223423111 64.44734243396587 68.51293083346208 100.36618919482633 93.74232904156038 46.08043606187042 56.176001577036565 52.559657932636355 43.37289128036176 25.98824860953125 13.639002032199505 15.024541164790474 23.69951671043782 12.651807102083552
56.70164084565852 44.933627292282004 19.649501887597303 23.783449684165 29.3070631348405 37.19333160678377 46.94874177358133 99.39814911406896 83.76063130829364 62.73295113867824 54.88336693315461 46.38625165033381 66.13492239772124 54.846127359109815 48.74596447578422 54.32755693221361 30.62445333906391 18.09067420370913 22.50132274863467 34.057519254369694
17.84337457336621 21.679023861646016 12.558979984260066 27.79412693521877 44.298247925693474 83.50715798880475 83.38350691465574 75.69735549458801 70.71575941712491 55.378438669282346 78.76549460540667 35.931251508636095 36.600689337454554 61.01839054576256 65.10257820527956 41.04976434178754 18.906663681266334 53.83513595671836 15.581413779920414 12.94751946114467
12.260259685111848 21.750112419813526 39.30709485660888 68.24771618062368 90.56671997824785 100.99042027594518 100.36312036334073 92.42136970950523 49.00675612257659 48.03993831689851 43.941361829132056 31.92330497084762 67.28603157736612 42.40340294167147 61.45191487798671 27.969019544616128 10.402411724007393 14.655863810193758 24.73802659195146 18.540491899481065
39.05393546029255 48.68253980611917 86.43745353814435 101.73582229495247 101.93305911275445 98.68476790323817 91.509610935833 71.40830793063793 84.33015401744323 59.276111895515776 34.52886357635127 26.84866279589227 28.68394486023343 22.184340135557296 48.997334760594754 45.13122664827987 24.773389194911207 48.88973475574041 12.78908136450486 3.0174199559060413
97.59625552240395 100.00758717440723 69.94571416417516 59.362609659730715 93.51976471691215 78.02789359831449 97.42720957404696 94.11882486229307 71.48040752925411 91.41143442648477 40.54292003664995 33.50302360135761 19.1275261235237 21.917910333245988 27.972457648246184 13.562644656246203 15.07880119237013 16.702352668458047 14.62394989677568 12.522601747942751
22.98677162274849 38.49009693073964 33.09613307215598 49.68755345973745 63.89547175937878 94.43850192773391 104.89810474210516 98.71513763986063 96.16443358089174 88.4007917649222 72.8843995499221 37.34111340803575 27.20094457150768 20.969782291854433 4.892946417555299 21.80241739203376 44.67125605802555 6.327468855194843 6.974742337397723 10.794821962075801
