45.433516756240174 55.31914724795267 43.85110919493641 48.262538439853856 98.78178762852055 92.62210143498523 103.6479665235513 96.42390576985527 103.54126346306482 96.56928239836775 60.668199613652895 51.93925954371997 63.952203021643165 29.1347137557673 18.505917021108317 4.888687102620962 49.41675543351229 25.665396520663055 8.221191278154222 3.602965075999441
19.224692876561683 31.35437547260179 101.26611650434248 97.99670088972765 93.4975362112815 79.70522027696138 102.40444153031362 96.09249022321713 97.45096008252878 105.01397990469803 76.05729342656879 43.9912879050561 77.64224842133447 41.96846714295122 6.464325296145631 12.47867874208185 13.079434240876518 17.858983845670362 23.29028616696414 46.247507257451616
41.754453538710464 54.05019568255663 71.37851290141695 79.17035884822026 58.496381409196886 42.21465905854949 50.321037129801205 74.19736866245046 95.37063709307688 93.22787030847654 83.74101824685441 43.769704767054826 41.67534283232841 38.47507803280197 44.067011207828706 16.263263818264008 34.07623130949315 14.727644972901436 6.488218944944757 16.716401486665646
20.270785070122205 36.079898019168745 57.264246625133374 66.37454791130826 63.66962010261169 36.46401883078145 56.125873397921104 64.09839824330923 70.19329187363354 99.32643069231591 94.89887244201874 45.85580159274691 55.02486878925736 51.197094828180376 41.58188187830789 27.51186841160886 13.970439116727919 15.161235309838583 23.285771782362705 11.447560064393793
56.37325640832833 44.79356655102848 20.101012753226716 24.036058311377253 28.702249297580515 36.784378550082735 46.879058657229606 99.67724504042442 83.43969780691982 63.92815437571531 52.96500050971563 47.20344316981175 64.55863634413507 54.60503233050501 48.862625851539214 52.60928842881985 32.0469538544092 18.730182331292614 23.64033176467175 33.3893821916499
18.62348462106688 19.835506931130713 12.974784675140171 28.90043791650223 43.04824715703812 81.50778156829277 85.18931070326639 76.89969626317497 70.53182895809009 55.94821599440151 77.45956824336487 36.03588897615639 37.58548858777337 61.80957907088615 66.75818352631497 40.99253329142682 20.130229131778442 53.55306559659635 13.645509142346818 13.89895107334904
10.642657877562094 23.311429986122736 39.75341433803507 68.67013798962003 90.60944476050858 102.22686121728577 102.2969681881622 92.00388215217828 49.98102665355097 48.14353044689123 42.4072297418584 33.76736603358091 66.63583188885964 40.91704135283632 62.123253196528 27.556614844500874 11.783777978630821 13.03177445266067 23.20511493475503 17.641229453049682
39.085954911357 50.160347345355824 84.92876401225512 100.76953511255253 103.65247496690554 97.04964290324735 90.35340485889738 73.37668042916854 83.82132427370921 61.18556463044361 35.671518683226424 28.427836564817806 27.354936158154576 22.10822130916102 50.06875845325681 43.65702992669143 23.992070177692593 49.650616354804725 13.209946182561424 3.271458425740266
96.2638666713387 100.43237300837478 71.20772527125581 57.98765136933735 92.50434422643524 77.81238512990679 99.26503691519805 96.02339693822479 72.09355107059129 91.78275113188084 39.36418503778434 33.11579470240174 20.395703909105052 23.283433655128313 27.07469429014664 12.015519162922088 13.560754603425945 15.39834752159974 14.909487063216549 10.561077314824388
21.036835292135457 37.75456269789055 33.51600941938847 50.80004338170492 62.478967851828884 94.62708091096644 106.60422316759019 99.77412329931849 96.73569036588893 86.75203920993849 74.65054494581516 35.374506067515846 25.78242741523027 22.11560735683666 6.14994427780655 20.677658899174766 44.34662261707089 5.334392008608259 6.465741752419668 10.810444540534982
