44.39726246373038 53.667488343501006 42.45178778269138 46.31031843142438 96.82558610583885 91.81991803350061 102.83055239644486 97.19544866708655 104.62908598568794 95.88978336705124 60.257540335396506 50.65357843678369 64.81834392422508 28.199811250513 19.282552980943787 6.512693443065531 48.324905545772936 25.932327576771616 9.127207275087144 5.356153415634212
20.871982552769374 32.471423378150966 100.19451778358221 99.68379411345042 94.40646258583494 79.36320926213057 103.39479283189438 97.87299307114095 98.11502826134263 106.6193681415193 75.90061334137013 42.610717395900586 78.27696835755778 42.45091718114999 4.866604620409307 13.359629056104097 14.695039790761667 17.95839541856406 21.961434016338295 46.841578453258904
41.7589458602173 52.38412088162296 69.50732247003651 78.36192375070041 57.98578306180514 40.66364839259228 50.60150005858404 73.46634424617166 95.51009787541349 94.1372472221144 83.87103476505467 41.90876780200202 41.66564869587201 38.74013305017811 42.849487647777956 16.481408588544614 33.906025780296424 13.425821923644312 7.008947952378286 15.43232396645875
21.317689394062246 37.85560938304934 58.64911590827334 66.61041165913005 64.62684225668941 36.26392675139733 57.63063784585877 64.62498349509482 70.29214178589535 99.8063661765706 95.5919841872498 45.46878797482763 54.75477116570627 52.523704864377564 40.61324956162029 26.616041906173614 12.8520672854369 13.661626770179357 21.331638533224254 12.588799891846174
57.95285409051556 44.30967200687617 19.08499934170616 24.52493240171881 29.45052329033388 37.39039578525768 45.952404745336516 100.54039371357517 81.92217529559355 65.6148679637368 54.23791920369111 48.63335914507529 66.10583831626153 55.114362659736685 49.896967575222575 54.46774258342807 33.948991832736525 19.03177351756998 22.324126712742483 32.99678033269877
19.607047883551555 17.892892587468864 13.246705890147032 28.172445120505035 42.66488852143673 82.3935461166528 83.32750669209693 76.46575387926421 72.47796639360094 54.09833963881566 78.97064989294381 36.04829869161277 38.325349146555716 62.20072832293947 65.97375839627605 39.10835260637869 21.61731894163704 55.5184984066508 13.31831179798026 15.418590104739915
9.184271649694729 21.936199224033643 38.57091721117836 67.53101211325438 91.20674400489503 102.76888191294412 103.98124209606922 91.15308825453035 50.84705937565948 49.39327048975369 43.36420522429196 33.01544814328705 66.83493264801545 41.2636112961867 62.272164936937095 29.123841959288548 11.261557041609032 13.911872549770099 23.242443600402535 19.464948696251376
38.11730467963733 50.58695404975748 86.8833558496981 100.69944218272835 105.03946743960674 95.20053228195226 89.25573531352983 73.41893051324146 84.28854064180196 62.591490609954946 34.0975639185932 27.024144482396046 29.018727657328938 22.27426168901148 50.97328889597861 44.85062805335162 23.95278790062583 47.911124105687016 12.21193435030479 4.028618475782878
94.2822846036745 99.85164283572492 72.02590577368147 59.707397081333994 91.40487850369024 76.90141142382328 99.87531911912824 96.01278135927832 70.14867981090356 91.75644614035544 39.334695880895055 33.186731055946545 18.607502548661728 24.28783170504389 25.680558489891354 11.396256195035976 15.011456465375584 17.00357496701306 15.743842206864619 11.516233764038361
23.005107497793354 35.859510228319124 32.38951066756896 52.44954165408967 63.15614071264802 94.10244758742816 106.41074629171801 98.60842523979004 98.2475630394594 87.69690513449153 76.47424848141559 33.43321451857843 27.415394107185723 20.514509760570363 6.252040209037565 21.7778733017003 45.17478617515433 4.359898612163512 7.446036134603439 11.639573387218086
