44.40088187612707 53.464000907618654 43.842068153386705 44.5376855398011 95.26728828570404 91.95209747877846 103.45975270798405 96.48680486574257 106.31410137807927 94.71400190141597 61.226376862077885 49.82698595101575 65.3836845896151 29.914592683056746 19.263626046045538 4.9751212102894655 46.36130438231686 26.24361944571649 11.062414343362285 6.968732827981929
21.267307157627638 33.98743001408661 99.56634702436216 100.30311237557096 92.93061375583308 81.2323298995495 101.40884586216521 96.14746715378863 97.2651552722188 106.52568423240864 74.42642942725644 40.95856357463266 79.48920367978828 42.31356474248413 4.824915978194397 14.848675808093024 13.445736683467375 16.44153209187844 23.089776376730587 45.74129334336804
40.470249958619355 53.56911203653199 68.31161577061347 78.14960785957004 58.11065562395379 42.62976901561732 50.11235900907055 74.38747877978608 96.12694733454444 94.50157203572206 82.5370022477428 39.99287461846999 39.716490295960234 40.12381519665903 43.61063446180189 17.553698158275505 35.59743218054714 11.780308993091907 6.398944637585849 15.836370979240899
21.69629637261485 38.98783199994912 56.89852993816391 67.9640401712168 63.07022621145022 37.46122781832537 58.20203384991136 63.69046593722009 71.0979453053712 100.84772854484548 96.33278295448667 44.69487044273984 52.891266756818595 51.73304635606449 42.612763168694165 26.506841867609225 11.004776986395944 12.124532358552145 21.085888005031542 14.382290144694206
58.84552849894789 42.53949723898184 18.177453691803805 23.65620405753503 30.853290576455272 35.92063820131917 46.14297882669735 99.50032461773135 83.59756590792232 65.1788281466502 55.84701453082843 48.30242236714735 67.38850317483953 54.73231107431799 48.78696258578887 56.322325884777726 35.638480393542444 18.927241154595226 23.018766264352312 31.25068609123776
19.79581323401712 16.281654359616933 11.431730309741308 27.220121235786884 42.63217770593305 82.29149716225092 85.26810846589403 77.11629654725024 71.84527148101135 54.040146933472215 80.25737370058422 36.87909759354748 40.16076513197035 60.82004163381717 67.31235591667786 39.032029220135314 21.83828757299117 55.00846910020049 11.432899553532248 13.467351107659454
7.73220564741449 21.486585016498555 40.11861220758656 69.21896377088366 91.65767396313693 104.59198860272883 104.97470297539556 90.73005105491806 52.423558165888224 47.41652160324492 42.172131132369834 33.21877802267395 66.56554063165267 41.80043844149927 63.29994320496279 30.792320137135942 10.921747514948452 15.585603490384136 24.447540397932823 17.563423562578325
38.86253636422984 49.01568100080596 86.79627565143907 100.22586094028705 106.8024113655051 93.97583418804045 89.96597780151535 74.94007476294094 85.06950865474697 63.17215235023373 32.33933365616307 26.462467709616753 30.35036484719872 23.429069554408876 52.09736003780751 46.340708088371 22.352846314313574 49.57528840976753 13.218770856666943 4.800823209797067
96.18811732148362 97.87425682071208 73.63093365895779 58.84450491709035 91.45731510770335 76.19740367002888 100.72969264168225 96.61116097787315 68.30933318253453 92.57305347608177 39.951446474987826 31.250033637551894 18.50762483023531 25.83477004748451 24.052895200463905 10.462344014432507 14.029488393311219 15.007398881546852 15.796128274829137 11.220323171713074
24.71988899636648 37.200753311532445 33.27841460997565 53.85550427244397 63.72197174306658 95.93128022588911 107.86172448557471 98.61819368391143 98.20916931265269 86.9107152493842 78.24843942565681 35.13500400837963 26.169765370443926 21.21224911097025 6.581048124625198 22.58646835792598 43.35173422425103 3.018058846512414 7.953135424879311 10.67912690555061
