46.25279669860315 55.28031331196752 45.67678765811173 44.32757754303891 97.0602320646332 93.0266904992819 104.8621136046332 96.33317537381866 104.66339435506356 95.0850738253547 60.23910588542554 48.82209505411497 64.5730198642274 30.995160850716044 19.769282003582425 4.280238675474887 48.101646687234336 26.035820208026287 9.632028538727681 7.965072511875513
22.711645742561366 34.37110897672216 100.20863996973468 100.47368774860618 92.175331052968 83.09715996580017 100.58620522351364 96.15076142799413 96.42543349049184 106.07964500140294 75.15674311021584 42.378702073632915 80.47484091825059 41.31298180616721 3.77784838872731 13.554067123518934 13.69860409311578 15.470974156370009 22.652172721042252 46.84244479261135
42.310413409362425 52.63535307391376 66.38105370029884 77.83535348548959 56.627268049815655 41.65818393215508 51.31438629544499 73.39552327868617 97.61025740689371 93.98392730584946 80.80007365184389 41.18860428470648 39.87421152645424 40.30650905010293 44.97706672268234 17.608316377579076 36.808311890016654 11.36895538359463 6.231552560203086 14.034840628162192
20.78915023808371 40.088771266358776 55.77051841998038 67.59302240548128 62.14069895531089 39.0650916464264 59.098274550691016 63.43324074074178 69.21908493461659 102.80440192524219 94.94261218146029 45.42821596070118 51.91443215185678 50.845544993582784 43.55864823278806 27.855697085856253 10.114246707771095 12.788974453413736 22.117922347092126 13.877860356214395
59.37272322629288 44.45967951601713 17.041415804987942 24.63511497868242 30.218966111747974 37.61381745803764 47.63431767249954 98.54768655106977 84.13209182217179 65.21016234409744 54.57229860075853 48.02480003243762 66.97683698284281 53.837695879129164 46.93141632388644 58.19429746499321 35.15727689010099 18.2526669093081 23.005705705833748 31.809475016611255
19.282730641856503 15.250489697517008 12.73510708192054 26.42503902074988 41.299364087315475 83.1569673381578 85.45711863716228 78.635521330112 71.92510471936018 54.56083148726038 80.44936593052225 35.45738974438726 39.910199007422364 60.29594521940621 68.89306207109678 38.22146300310495 20.271612379896656 53.438496295094 10.661254790970645 14.72087151164035
9.011297863818406 20.59883546194149 41.387333842943704 68.55359840482424 92.68840517530234 105.86222737805795 106.87545242990342 91.68356186220943 53.79459293670292 49.05522947552353 42.328015041566005 32.049408330342864 64.59252286570509 43.358704336218196 64.08463848038284 30.705351936466386 10.04995034199917 13.739571801878647 25.795032783745146 19.190579622640396
40.1507340815977 50.14166317819219 87.50810970603631 100.76204684340159 107.96343534411098 92.56503281480515 91.66412351566693 75.66124465587477 86.7611354883595 61.83327364284357 33.94286944062441 25.167893563225668 29.57607258316399 23.901307535221097 52.38638243695368 46.04164692881117 20.611253863810145 47.96724436616062 12.107118335183259 6.0696785090658825
94.48247364619414 96.66332366927217 74.89848432627868 60.31204060958296 90.08577895465002 75.29809872698063 99.6903636920926 98.37048460640369 67.79132787715879 94.05278039914062 38.74062413520676 32.20158845195102 17.749801329794675 24.47084388339803 22.515389303019315 10.254289656492382 12.207258365448258 16.686691992899146 14.236778838268748 11.047765579613923
24.796097823802754 37.741069651554724 33.36134469354489 54.4949339367212 63.262598742494426 95.49377152798043 106.97482881861384 97.82952934750497 99.42951604378507 87.50084821174134 79.22610549703742 34.61464883930653 28.032177021065305 20.742967515019103 4.745905996017031 23.675435119500975 44.792310835013645 1.0661626753231461 8.738376833476343 12.033035885091737
