45.531891289902774 55.593817649626445 43.72274748135787 45.58826321390678 97.32539149117792 94.06173542029602 104.59728229607686 96.19549416445258 102.80106678176159 94.10295137474034 61.65625350603723 46.842446060429026 64.16503764936812 29.447253211830834 18.295542373729052 2.2939402871343835 49.70038179184539 24.27519144606057 10.066690193661541 9.092249456375885
21.97645986394758 35.603187492715236 100.72093450293052 100.38864091193801 92.15301231193085 82.63889311068772 98.9856440543093 95.49657572379868 95.17876316948289 105.36120873302325 73.85272591123021 42.06241986559018 79.6618885462934 42.45701771835951 3.0720374555457304 12.646469982826314 15.363192258522702 15.14225710628904 21.296136612795003 48.679875321219065
41.32424576158303 54.19029749396183 67.8580430599127 76.33582231426864 57.610403138160144 43.382626514294856 50.49973328305151 72.08320789809376 99.42726853863446 93.3630041791991 81.2608923147513 39.268953106545865 39.6501513748692 41.15160427920156 46.189485951484606 18.40980559915317 37.79289914106223 12.069686021607403 5.942289439859428 15.531096165427735
21.904734525782324 41.65250174594468 55.07413260734069 69.22904369819352 63.68620477911131 40.01322477632807 58.8002572470039 63.50631018657668 67.68603704051256 102.4962172531686 93.50428113855575 47.31734541000645 53.08000433938212 52.64615072005948 42.4246172819006 26.21201392969694 9.592190042742086 12.940358018166023 20.445310184391175 13.961740026066135
60.14554786192992 43.99344498319167 15.52173464138464 23.696297195846043 31.260979471516425 35.86174515103709 48.80548047994435 100.53975179505 82.33509706692044 64.2135000935204 54.79658219935589 48.2968764512603 64.99320037742697 53.68704805356177 48.535230653964746 56.24896643011872 34.26282350513561 19.9509518134 23.697951522339775 32.80962781071638
18.40947793449333 16.69062360023367 12.53375681477574 26.513995973632188 42.501992682883554 83.85444644835627 86.7289181541387 79.44647741418143 71.5943589234793 56.41866244895396 79.91936147728015 35.72737573526649 37.956672155031455 58.684609835732445 70.843437997051 36.268888856130495 20.573696221913362 54.87834911469013 11.694253562430381 12.748195009945427
8.360516812315856 22.257589934566944 42.49589097163154 70.40518392229949 93.19610863085597 104.22722453342114 108.34158373040879 93.18150692320737 55.37090287636284 50.3384498307042 43.74665126681265 31.03805966830789 64.88200645050772 45.19586330143595 62.685255333058855 31.92009078069479 11.519239294076847 12.975935053008683 25.540202622328405 18.385296029306478
41.47098060438889 48.56413291897392 85.7074260170915 99.61125716626975 109.233251746327 90.81334811092765 90.98067537831423 77.43169949743135 86.9703468594695 62.68182840621766 34.964946873114265 24.926605088835217 30.42997740403314 24.31681824105323 52.785320794776354 44.94473305485125 19.242456888827377 47.03584899511478 13.163556296094077 4.652924475519814
92.97574213083537 95.23735514286327 75.44037713614011 59.31155407627257 89.50717378876277 76.8723648186717 99.05584946341259 98.42244180575464 66.22987994203643 95.62965617698084 40.739296666015996 32.62035521975812 15.986620046080102 24.95145846710103 22.13304747415481 9.004916775734632 13.075784783290425 16.58719510180366 14.332294621729687 12.785043827914395
23.853486902845013 38.752435242643244 34.37807077449776 52.55995435751561 62.553987052554476 97.12119840789525 108.24499834849192 99.3052241373163 97.94181076634963 87.58752742300439 77.30639295308758 33.73394287626479 27.980592661407012 22.52019748675141 3.7089145980405034 24.756024783573096 45.63058951217932 1.1974261391306391 7.697805266380095 13.028851193001247
