44.97355144430994 55.994770353739156 43.19188673908796 45.6985349995341 98.38037306583202 94.18675036150977 104.40017129203056 97.9581986780803 100.82828773464918 92.46922486028788 60.71969139561334 45.184524491962 62.995764468250506 29.83159787652098 20.2339144667692 0.6894423827715239 48.70697115846482 25.121090002002468 10.44024745373508 7.992616888753643
23.64522841150729 37.20291603454049 100.29360151684381 101.03436045438214 91.87708260419144 81.94625215884814 100.72688392087562 97.26402592508168 94.26250229225168 106.44760695436685 75.7048968262698 41.33020814989132 81.01760768316538 43.227320768175986 1.2623719724057292 12.292819027019101 15.454194805523956 15.245175243595792 21.448056417875353 47.66553944827302
42.40606275001991 54.62055340328235 67.23279124937542 74.89990591677487 55.61994396556725 43.984583623275824 52.293007740526875 70.79354199987391 101.05504185868601 91.52047648999279 80.16926064912349 39.54489664601631 40.23403887553653 40.10938561306115 44.951846092544585 16.57390280115865 35.80793199663294 13.363473761286555 6.714922920239431 15.25778177880638
22.898375828412945 42.66206581789329 53.83515187572452 70.67570093796309 62.93693578524284 41.600547626877535 57.88822571607831 63.40592684963882 69.16852376250563 101.55312949600473 93.7115856413311 48.82021138751246 51.37943553456138 50.66935399365996 43.224981825366406 27.536249773321977 11.484947007518276 10.978461896390607 22.203557455003935 12.450656894932946
60.10461382618764 43.53673891641265 14.596182335305762 23.069319145417687 33.124277114544164 37.01150184218132 49.70868336758065 102.39756913213002 84.06602393100617 65.24027500885693 55.12754049847983 48.26406751769863 66.47423493106672 55.092591419052084 48.892922668776365 55.55915340751948 35.58454790799571 20.564328295607847 22.95382073594873 34.66534650964983
20.02965706404194 18.52654901063258 14.444383208036513 26.61870446761858 44.29378918197185 83.82750440127603 87.14571025797561 79.2820926424283 72.42616546932574 57.20814558239213 78.43688092959069 35.230079619218 38.27250225325418 57.21709110226817 71.68493666644191 37.97003838729172 21.420347100191847 56.030822100548924 12.1362982870189 13.04279997676553
7.0474375890599905 23.063367706151467 42.7925521214649 70.09846635898269 92.73128354271701 102.56225634365136 109.23982704658111 92.82249800570432 56.10258679622032 48.69253999363497 44.85693540314884 32.35291905836666 64.44493209058196 47.12900600448387 62.91031375403573 29.946541594502378 12.077028359987965 12.604496950582027 26.655195938816124 17.818931495330286
42.32124131002912 47.27037357386034 87.65437170835098 99.42041151864824 108.4732775096421 90.41692567728752 92.23657224518075 78.10007738195533 85.55840928949158 61.10526266051876 34.4302934035799 26.3534690697763 31.78291474803261 23.423384945658555 51.88383920252593 44.845520363647395 20.14525903964259 48.471777245583326 13.05550920927251 5.067921053302723
91.0482941351132 96.75274880678742 73.44676850218652 59.48908529980047 91.02195343852756 78.39775205178681 98.26883288669713 97.00847370381982 67.02162696362298 94.11187963746589 40.48676270884132 31.75761366928663 15.988688360524979 25.332287889872582 20.1354457138482 10.75845811521728 14.215686077366577 18.196805290653796 15.940144232072985 13.87511854800567
23.324396630785085 38.870629716451425 34.823360875125864 53.29575299255445 62.6011269443793 95.9048525971442 106.61919769633478 99.65908092883231 99.4800878282551 86.14553912199767 77.43740542205244 33.54126614473461 28.459998992845836 20.71767459227768 3.553683310094943 24.34733357981078 47.414835435348124 2.497403108873367 9.346662444969297 12.777710463605812
