44.45461108700981 54.62548476977957 42.600939437549435 47.54515919475786 98.32423125909999 95.35209683987947 102.62704961673727 97.85527055645223 99.20694479648559 94.31266904381849 60.57134967786875 44.87256931300624 64.7843917476578 27.95066723691362 20.927372900090905 2.0115057406515886 50.57794332892384 26.62138609534416 10.112800474464667 6.555307552351808
24.913364110675683 38.907767287770255 102.24276950981432 100.88580112481576 92.97158735289771 82.25772786819535 100.73016901445453 98.74793616559019 92.65406250035984 107.63903425531517 76.32543318132721 40.68232326273244 79.65136464324077 44.666476314530456 2.1470494578655392 12.196046289815303 14.41214511253098 14.714671942434617 20.245421340473385 47.21536168222456
41.27902929972306 54.87103530349245 67.91612862692295 74.29569727783812 56.706700018300495 43.36374920104648 53.94905039350081 70.89481832645941 102.86317539207656 93.2624860073034 81.42917089151513 38.27834373142322 40.553980572793385 39.81083843119665 44.72132524725701 16.050207949441198 34.87616626183 11.959159045268219 4.846385038934228 16.91947242640242
22.216979895364233 41.85105955373585 54.63670956432911 72.62296553960934 62.77089141524013 39.629862324306465 56.03889233419289 64.25591459851283 69.46471089494446 102.3121880238502 93.74229755872399 50.46523291548224 50.066688364494894 48.79079164674553 41.92927863786058 27.338562210930856 10.142634849537208 9.769041724669975 23.410171704083147 13.217287290581176
59.98479339953652 43.92210921477992 15.623242247616027 22.40884947569691 33.56321846634029 38.43129726667703 50.03170906665686 102.87402035588907 84.53770748267112 64.44925117083646 55.79608708594827 48.33865183593685 67.4050015076987 55.185987241960284 48.600875447393534 57.497592009525505 36.63393004645516 21.58852439799714 22.939763503609814 35.73451438308728
19.66561118642162 17.560999732678525 13.582544989009104 27.04579960364024 42.604495876001 84.65546324083265 88.15557019615481 80.73585450798537 74.24413882603668 57.21617941882442 79.5049672440473 36.75692755971042 36.52672731052175 56.128600614677055 73.46532715298373 39.40505192545464 21.79093799250309 55.23365358956956 14.037747854261703 14.36016108654723
5.118374695989836 22.78269839553895 41.733945157779694 70.90053263536134 91.53131127464827 103.29229356932369 108.79121645654052 93.84818379294697 57.456801481035285 50.68564617552535 44.92388421473515 31.455068739026228 62.904968692983985 46.48776561480332 62.054530357576056 28.954812893459746 10.228414382376782 12.391840389393781 26.264750181686566 17.241023863592286
40.82493812694513 48.7243278529492 87.52217742322169 100.66213632574447 108.45430462952366 92.39595048397544 91.31585757093524 76.3539975986559 83.94800082862638 59.66412794004965 33.22830808589369 25.089423109255513 30.95824111226716 22.27575176998124 53.20894709793476 43.42442688795066 21.998721908360825 48.25657139853329 13.450460860978005 4.349545774302138
91.89103613921777 97.90547642756454 72.12594080280188 58.29700773469516 90.0434844213113 77.28185129263395 98.06612301974964 98.89822155367239 67.42615042654013 94.8969459385513 42.341405812959465 30.624447587463457 15.468175300001162 24.97501323701577 21.71015560484551 8.797775848960407 13.691537902166466 19.589569530691147 17.88993819294422 13.655489243590843
25.01779817735845 39.71809847347025 34.12932120816564 53.733600677383336 63.42195555503952 97.11138573614022 106.77198450832337 100.61285996433594 97.71894707867656 84.57805323580158 77.5976445240385 31.768625772029953 26.93700242820376 21.266748987582883 2.4568665105050917 23.319880140240468 48.779615431805645 3.7888129142285787 9.86248002785788 11.224836297935251
