44.25454427628759 52.63925955584047 40.63501640336904 46.09648885641975 97.61685140102034 97.05904887138955 101.48798019167374 96.63290923482316 99.29923351762807 94.03655354756464 59.8804236211452 43.84685823883996 63.57248460860264 26.468608911070646 21.40132108556193 0.13117754290342498 51.58633591277339 25.41744810528428 11.319505454424158 7.046402294421828
23.816424135780554 39.65153190161109 102.24398672620006 102.64087522514635 90.97347613053235 83.48260707624058 99.17829209127981 100.56736431746612 93.69539144272733 109.41708720390496 75.39491818199822 42.469264498927245 81.51754335459167 45.497707104308915 3.427691339622393 13.035415246822371 13.269172505176837 16.067238777361826 18.865917996816023 47.68356082742558
39.806296238481124 53.73734575778459 68.9823119266934 72.31321961652556 57.897529054747686 43.59155755895984 52.12894869775648 71.91555087117514 101.16144206613505 92.48639810232274 82.59715589815016 36.85244145125783 42.34363639591823 38.98452075969701 44.961818523481384 14.468908372209743 33.676552155818335 11.125558185367455 4.952480533702112 17.13179635934193
22.10631632507034 42.37829565313646 53.739074243563174 72.28185361740823 61.66131343659085 41.50786034787874 58.018651001998215 65.29766238588465 71.01269677801915 101.69495780668423 94.79426964374782 51.4503737885703 48.80129581589666 47.005432212882226 41.367125060349096 28.492526833958674 9.759192965286221 9.619245531212933 22.518767193760645 12.101403787346133
58.1933487811885 43.21154258582613 16.40347541095417 20.536337075848525 34.93935062926076 39.306696679424114 49.61554988266265 101.33907593340929 82.72178563614057 66.2398358544792 57.42659530692041 48.75888616087235 65.74635072006173 54.82649250846926 48.576315708272006 57.17962888436297 35.147894320546946 20.44018212998734 24.5850547092529 34.815066783317896
21.230557421441564 15.767349795659577 12.59734647841239 27.912456920114405 42.83429170679351 85.14123152169542 89.04832521131297 81.6552690019432 72.70509598740288 58.919551411883475 80.45801971886696 37.5681156039313 37.03939331562539 54.42415756272315 73.83909351952168 38.659381972192506 20.333735872020362 53.68214844859781 12.321726383439163 13.413094816587986
5.495012685367417 22.8753990706524 42.57295072554494 69.66100507009125 91.88695689521025 101.63555128873908 106.94931871950502 94.38205224463691 55.91127970224758 50.98325417645362 46.206517122863275 29.514814095411335 62.932703638039875 47.13333782995647 63.13592958428903 29.231721901539316 11.906121534176215 10.99810308910428 24.980498953697108 19.203229961942338
41.679381075019116 47.360050588191456 86.73671894982989 102.1567128582408 108.30194063066983 92.92954954581235 91.50958300099047 76.1800598258087 82.09725383628162 59.63627215416756 31.475193397664775 25.43406201594335 31.096223520846742 24.065711360176042 54.20316892240904 41.89430380482562 20.183898787157535 48.061176082267586 13.703261131653433 3.5928059704357707
93.48803262523707 98.89578787753153 71.29560962112352 56.41505763292966 91.4692121064049 75.90842927805255 99.09156991917187 98.04281145672613 65.53324440682171 95.61509270318577 44.22627603526815 30.782891182237407 13.897592536197031 23.928870002798448 22.232814269916634 7.894410671540667 15.421151272736425 20.787145181645933 16.888419864640614 11.804777105901678
26.161826451729127 38.50171890844532 32.95913336374043 55.4251210904744 65.00826444657123 98.07030681906247 108.53170592296827 100.36745343504249 99.22179462145958 85.32412962689311 75.93292806220217 33.650577072177306 26.983694394056915 22.962501374580153 2.442831856722426 21.79461665175479 49.97354386797093 3.1567314847505887 11.447427264242346 11.897850344720505
