48.38053173183538 61.02315959355446 50.8873422376178 45.45858866804988 98.01746780916987 96.81315574691546 101.46881056675839 97.59875062367873 99.74565548071813 97.26578962152284 65.84630167168736 50.933502607155255 67.16679169850741 23.617524005499895 17.95934810970135 8.09150436029908 50.921619651098794 29.099403131290934 14.076042967565865 2.908465756700531
14.61795301778982 30.564142644641414 100.24680856338054 97.14248451879028 97.90206198514221 81.09562766237977 98.87055138555597 98.95762690097436 97.32217295408385 97.76695667350717 70.73259513504043 43.499598283945126 77.10971263042966 44.793002316182985 11.603937017475756 15.967784049261194 11.476542393271046 21.63404443208344 18.678386056747733 44.59639477437284
40.11527956837362 49.480043709394266 73.47515930686886 81.87091065873979 55.740884346481174 45.722731927780494 50.84516988327829 76.14891075900988 92.27382588510467 92.55792916977485 76.89508016306337 41.1330834386268 47.462989240075046 34.0319187781327 42.640349274042016 16.76746469289584 32.472345621866396 16.165540889141493 6.530429831059942 12.7423961093399
22.636692634948837 43.6303496389496 49.40204891166339 65.18931301896417 60.03203739321394 40.055529490998154 56.22332781989639 60.66241362316771 72.70130284617663 98.25137455030281 94.58766925520881 52.207383191528166 55.610638877858214 55.257567014926956 41.67536403806504 26.284586463244825 14.211616232708371 14.973380455873716 18.213058168836863 16.038482351691442
55.30037191235109 40.20522848086976 23.596720163019203 24.822203362563304 31.497007541364354 38.576764449812714 47.08586177917027 101.73325597803914 81.4867073741714 67.6652502122891 57.74354981375151 45.769680571382096 64.98179900573729 52.69085572045697 49.21849173804196 52.90746043893644 29.245928845877497 13.685383527878507 20.781857321805273 28.602366336413905
15.459173451328251 21.108771056941706 19.391290926684043 31.99635636245017 47.5919963360175 85.39026248231053 82.56525347189418 78.48926999731816 73.3426874463429 51.93979982465976 72.12475270018467 36.578065309995104 35.00503948596834 61.37789374865382 62.081694378272594 40.250214626816906 20.680616630726437 51.07735954336725 13.476094326479554 10.795029142575624
12.568238154765762 26.772454182121027 43.013865431072176 72.98700872060749 89.9974417549455 98.79956990372006 101.04486287884913 91.19584864087636 49.086061327574356 46.774191359702606 37.35131417440187 30.618587069592486 64.2094894516658 40.83802999761347 56.38409703679223 32.12781428005412 13.654397057532464 15.896607782063548 27.12998512323389 21.68036791253264
35.78421414723674 49.86362430395323 91.21809811835328 99.21513172489716 101.52036938580508 97.60225197758535 94.61155130278078 71.6356279151042 81.07422965596845 57.13481748506851 30.319274889271757 27.975865247558 22.951387830756424 21.349141052102784 46.80344644354852 43.27172503468597 21.557711192790624 40.975641642742545 11.32391051277044 6.761335357161921
96.82847507678096 96.92265567122575 68.70238941749184 63.25721914435766 90.42913617654773 79.57491387770293 96.6848837670634 91.84825728272824 66.99680746586746 91.22652413441459 45.278946586150184 32.73904711997962 17.488167551945438 22.197660894187585 28.107113161769526 12.41180741712336 20.23438142065418 14.97132589416631 11.46114352448509 8.811274229526612
24.900667441987515 42.60148895169181 39.93381076252203 44.083532844835105 64.33329101320071 93.55467601568148 103.46123800350308 98.96878813140384 97.23758768252783 87.42137648639697 71.15078777931728 39.37730629443844 27.709581843619244 27.741825042046976 10.564439525964769 26.28452909770717 45.36251940572671 8.122941849161041 4.717685357029607 6.465322305934663
