48.97103898603995 60.302748304709965 50.5789429599117 44.62119439772854 99.4831734205418 96.60638788290379 100.38784916814194 95.76368647783949 100.37083730856973 96.4633253045244 65.30630658262415 49.785471160249216 66.23622881467699 25.273054411053796 18.021612380630735 6.648938275162765 49.6638327903881 27.4770573133195 13.340040195822487 2.475471735991475
15.578780843048209 29.995413810274325 100.97899088247506 96.32971591585992 95.93688545206055 79.79350400813274 99.7467449651913 99.44746179289997 96.60692518466738 99.11784849626942 71.58606268028782 42.6255902360093 77.71096260765063 46.2902196260252 11.400397332126227 14.096794452871743 10.883256683206872 20.560675515329404 18.811993472578145 44.871443071536056
38.26964371509472 49.44841301870619 72.40526162209812 82.40101184322373 55.33672746363558 46.737696160434346 50.720098523305126 74.75875953097908 94.22295675873444 93.68147704707218 77.993862922145 41.88944668706964 45.9056824620083 34.999290301744765 44.24611684502456 17.42164778811282 32.663739650475456 17.35299418576725 7.339131229632899 14.735213325710383
23.043035126270254 43.89470110871688 49.650998178086006 66.91572335401624 59.407207123607044 38.7767790721387 55.25090684021561 61.09643681455798 72.31964029370684 97.0687220674832 93.13704475081892 50.58137943264614 56.93750192669629 53.80817762219746 41.90524136145623 27.96936125556014 15.552509105704692 13.673758595436597 19.11483715011471 14.565161452698712
57.03745984251105 39.63248591569361 22.46693172531069 23.421939027352533 29.628012971833172 38.42237893165977 46.067109116826515 101.49875674754935 79.86352663033747 66.5706634452336 56.96563480869699 43.99429085841909 64.03283915788327 52.0431943364071 47.43226055179281 52.50188228074652 29.917602790798625 15.60924145179122 22.423516158544842 26.711054289930775
14.483211684353936 21.543150718382645 17.49037634662625 31.635601418915435 49.079149909821695 84.70594546065612 81.74400573158348 80.04835571979744 74.1882022533338 50.880577583919255 71.42247694563072 37.17022273461832 36.232375589506844 59.978979469855474 62.8754449327824 39.85988023116321 18.926238771625698 52.574400388978766 13.884457196634655 12.358210750873674
14.133168939509044 25.674736539572805 42.84019850575577 72.43019235994689 88.32749257718852 100.31824245672706 99.84570998697231 91.82299809768654 49.602376007956515 47.473416473652506 39.23733103021255 31.71190182479188 62.81154572681401 39.85344576554875 58.27276391110287 30.218644606405164 13.166115522744366 16.83792961382625 25.80791656045756 21.295146593307525
35.03013361797864 48.16682009579757 92.64335635314862 98.61369011217887 102.74406242467074 96.94172623932104 96.09355175615654 71.9163499773181 82.21410846510436 55.8172177396514 32.049686787145355 28.75471973860274 22.48938837824104 19.484499706459502 45.42217531573682 44.124305716900444 21.677597561555114 40.42884382089296 12.988944336378875 5.516789699630351
98.72667254640048 97.4108984569779 70.41774275958072 61.4244277831832 90.92058161919907 80.53533894329207 97.1695827405839 92.91040956508616 67.58783484538685 90.72823168312215 46.58472544884691 31.775655363254025 17.609881365309732 21.92115807885584 28.179512916601645 13.157817046870646 18.473255169288354 15.613092671903704 10.251253020691703 10.266850732657128
25.056169437002982 42.58286759486796 38.26279746426798 45.69303355521434 64.39411559715629 94.9646250748592 103.56123932397354 100.94509676311296 98.91745497764005 86.24064533620842 73.07290917252038 39.35338526898362 29.118865358402473 25.824801223815573 11.04905190321789 25.6565424336434 46.45691611578643 8.514816779379677 4.747884505875682 6.6964176306214345
