49.69951108868329 58.37896233632093 50.19522649876875 46.38207052073177 99.55666166115067 94.94125222095015 100.30155962647734 95.15402749882033 102.35737995042656 95.83161023941099 66.89569663521503 51.13299754613476 65.53991461503396 26.786145191638123 16.340244170923107 4.9319100423524755 48.664659913575655 28.462649798264028 12.687027041609172 2.855023362780562
13.702609740946965 29.679904860757667 102.76573387950991 94.75178855193492 97.9044853435891 81.64387003187694 101.4069737282159 98.80420419196433 97.71141718096924 101.08750682479 71.77725177061772 42.40417735774689 79.22965833626398 46.050231323287285 12.15601946566767 13.111933222978921 11.970496798864303 19.374812123099023 19.19823161022252 46.09357593177945
38.42352189301129 50.31075048937555 71.40497080888457 81.62225360346757 57.01092787760864 48.701188878393225 50.304273844019775 74.89513732997455 92.93425518919939 93.34598674190335 79.50169263174394 40.99813180957455 47.50949595858668 33.28141713435513 43.35494384796077 17.47375964308695 33.550374384120516 16.136700492110226 6.437607753837103 13.436037337427807
24.63711726577384 42.554443233380226 50.84961562064329 68.81964762254215 60.03520428119133 37.65020178691603 53.27584078653894 60.818271661219086 74.17672783113193 97.10917113811227 91.4978751394473 51.28831351698935 58.86857483336271 52.03583932460846 41.865364142754835 26.555928275008654 13.661647542770623 12.710475285688467 17.134695372413066 13.328080169500566
57.8437917218967 41.44271403519551 22.41271958760523 25.037237117369912 29.615513107771633 38.74012954117033 44.296714442972466 102.16906100567928 81.20857100133104 65.95332801841165 58.06340411885318 45.108472397921226 63.42924328068951 53.57558598148793 45.92682673138774 52.831435096450846 29.671173647454072 16.930962102388552 21.056195422895915 27.32622847002869
15.954176277781805 21.488002770144732 16.521795527465198 29.733235038750966 47.85481953449374 84.01752610406783 80.8178792072656 79.50043180984932 73.41535926564659 52.804237003985335 72.35640813968105 36.26913294903232 36.52936838822615 59.39277591515575 64.8536366164942 40.2094048217827 20.609036309455796 51.352383802764884 12.750636552755493 11.577062963513246
12.844596566179206 24.429478980657166 42.24469273668337 71.15525876265826 89.1800976597387 102.18858572300661 99.45446563183187 91.01129517374441 49.75970645274009 48.22185099582441 38.86119086114455 33.42267763876909 63.06130748668254 41.61094133631878 59.88741083255914 30.934671825469863 11.699009035309686 15.30175749456697 27.685170769640088 20.60719009246997
35.65975602639591 47.81855199292167 91.59082531598558 98.86872841187406 104.63510804587554 96.23988080116472 96.80508772259778 70.53839304630733 83.38472517320002 56.085137050467424 31.586070985467085 30.610253375189565 24.029739134230795 21.00394404958917 44.07213490072481 44.68963891371648 21.084054861153867 41.683675901941854 12.990988317676818 5.134076176119526
99.19523560906116 97.5547357485699 72.34642898879082 60.83581235497565 91.2538107135064 80.48949884509713 98.5655053636391 93.46071427812144 67.37807249371231 90.9023006476342 46.9225206775489 31.438132002507825 18.41094487234237 22.875832920026863 26.699124500439588 13.291037464869481 18.94867065918897 17.097530170521903 10.477313444651207 10.715133600947533
24.266577927065008 42.47055546888697 37.21550594314466 46.67450318777825 66.35939003199488 94.01097185770354 104.0567506517788 99.82431909270821 98.67126565175558 85.93949976638602 72.24410693218056 40.0398377170151 28.04965288656501 24.424046908372 10.234407627972933 23.8539789861522 44.72429000321649 6.527799493680915 3.039556996842141 6.485352264564963
