49.583533025318694 58.11197222722178 49.61246355732239 45.26351669169327 98.4886697479715 93.39985315878612 99.08711001650319 94.62680861734856 102.50703713265753 97.26828751214175 65.76312007119695 51.167023784548434 63.94754488787958 25.315842760779127 15.336962652696865 3.7081224037747926 48.539072881389565 28.21544222460371 11.036082936856587 4.800900362640823
14.69860460939293 29.1491609965552 101.11190196646295 95.19374528013596 96.67952019501634 80.52990309565314 100.58763314491269 96.82742895807606 97.72221191932053 102.55754525447452 71.41496684297987 44.316084168436966 79.50576335002914 46.79984456156485 10.972976210492877 11.604535722862824 13.581372697812661 18.234370247349975 20.767761882753405 47.48343248454845
40.03849859539495 51.10459549414959 70.79820321807583 80.09086158333274 57.80123950673549 47.594518057071305 49.30878177367114 75.61633961923374 91.86705369735346 94.82196306458962 81.40261983774948 39.89489030736329 45.631933674706374 34.364402252791464 44.83378618253236 17.920746452336793 31.860918926678508 14.17717019927646 5.578438499333886 14.095409077681548
22.693829187124162 42.76831333236137 50.567853627294724 70.22619524862704 61.54281839722738 38.52610271829459 52.50824933697291 62.23790506717572 75.11083981337451 98.2299210937147 89.83850832111499 50.381163686632306 56.93886830889979 53.88128305392779 40.194873383194526 27.36193221180496 13.012828166518704 14.30108688921896 17.787317758698073 11.475955897181906
56.54408161834258 42.546737801455556 23.732709463186737 25.155215342740643 30.345717833218576 37.89890487789018 44.125569689571215 101.2567499612137 81.33476290692666 66.12713797989666 56.49476246917839 44.40422990815725 64.97336391091721 54.905535507303156 47.10958702450431 51.848167987442984 29.693533728852913 17.124613251076852 22.271176109981365 27.69393603181576
17.71758481545947 20.80834616672432 15.871935154554677 31.717981215226352 47.55570037894099 82.73340333628593 80.04299729286677 80.6458745609165 71.71517520978608 54.466909504966665 73.9938172749533 37.37772281492235 37.390000194168614 61.12405334391953 66.1355504209089 40.856558451120385 21.67555907031369 51.46021931588908 11.776259864609472 13.226368040131991
12.337309184487818 22.85400745356825 44.104315782391446 69.77246509068702 90.75739097708204 101.31591046300616 98.93650034563925 90.58143670588149 50.64651157455842 48.23939278129953 40.13030410363682 34.89496765049174 63.529178794603716 43.41294510005906 61.23057060785245 30.43991423756782 9.730670303476362 15.223332175874141 26.25297855187874 19.677591301627736
36.768323268743195 46.939224184408936 91.85338726411082 98.41525026180125 105.99404284991986 97.66686079582722 97.10275970499173 70.20611586550456 84.36594032270037 58.07404073204146 32.999970664534565 30.582627217702864 24.98790217992822 21.464536554624143 43.00610083423442 45.22359805443662 19.978243347876802 42.43555302901646 14.812915273896849 3.7989310784088928
97.58579744090193 98.44930460416946 71.917675088172 59.25161069217109 92.4260932378459 79.24591141679736 97.9514769485287 94.17961463750014 67.51685079762666 90.61167377994042 45.43310578938504 31.583611451304225 19.321788036111535 22.37346774867995 25.067524891097243 11.790358078677723 17.229258528830925 17.91944973109357 9.429734532741115 10.943463740957132
24.483175670746014 44.13074860415493 35.49212493390074 47.44532731670897 66.58426340264411 95.23085778611946 103.96375091510195 98.73757658610211 98.18493885421057 86.51988398993352 70.51068965886515 40.78614145129754 26.367693443893454 23.372624845287955 8.293496638920285 21.86155851853867 42.74338910823343 5.40310033610924 3.8286903371129464 7.313095659129132
