49.31258789228341 56.45499540343044 47.64195584931788 44.77374413922425 97.18411977157035 93.83041043682024 101.04481678729509 96.01095090746372 103.20840839355891 98.84577623405997 64.38702074644512 49.787552776856 64.52698026884649 26.492868946675724 17.23558502489879 3.975848854006578 49.57242899620592 29.05865458313619 12.07744836491848 4.393292021081205
15.866046517735976 30.426632341894155 99.31572253435192 94.066860236565 95.56045904894852 79.31869297399592 102.12001849443784 98.10765596019294 97.94618268074673 103.00170510191896 71.27937898783428 44.526998193324154 79.1138371592781 45.541412571730305 10.396665230660044 11.760349534539428 14.96614223020609 19.48856033781619 22.562577972225355 46.39778558748827
38.979448988758406 50.01671817019946 72.07742333457554 79.09132881952046 56.011483945902036 46.82846310364249 48.68444876338662 76.08898735609125 91.73514498107305 95.09453663894885 80.096263155723 41.40246187335621 45.33890599282888 35.21229323432441 43.72132976928112 16.330630615678217 31.89240539568136 12.95367474682024 4.4241808489097885 14.931351045796417
23.51803588156794 41.32784049835352 51.220252916224446 70.68922875720794 62.14569753762135 36.59078164856194 54.3278128395008 63.097281175476866 74.95315317825359 96.31084091684491 90.6254883135346 49.04121265082824 55.89269832188907 52.639574635960344 40.12836636215735 28.362181958041845 11.466076369360607 16.223948811427285 19.3088364707813 11.712392286651578
56.47900876526018 44.30657366325968 24.20795770096638 26.880629515077374 29.330719278167297 37.74829559329368 43.2818311404745 99.81773048635603 83.15866911980571 64.74309951919581 57.875967564892704 46.188093480328284 64.23582928661286 55.79285101319985 46.2552981410407 53.01436485294019 31.671257862622838 18.8273442359706 21.512834820595227 29.17285535189249
17.441299999520453 19.60931539366045 15.072552293697003 29.766822212542202 46.36100678268816 83.6738468180909 81.9157537641336 78.87374110313927 71.97865671685567 52.61844445223786 75.39509299714703 37.02353390208556 37.305953834850555 60.873249352824764 65.86221827138982 40.37869637184393 22.971338591519984 51.320169774937355 12.604080110645238 13.181129706442489
13.103710562397328 21.755314170247388 42.73764878985037 70.9283421686636 91.49848852344601 99.3934161239206 99.5936208094478 92.26317584095969 49.2808723111521 49.18772103426303 41.080659532850625 36.66008786251794 65.4852007455514 42.32909612608878 62.28771729777564 29.122077635193328 7.951074429590101 16.884641349264086 26.335578352700644 17.792440423593355
36.91091923699249 46.65768289226319 90.13879159331321 100.21153228518763 106.04001047502034 97.5751540701056 95.29684125392518 72.01014837746267 85.0276660691703 58.58559682821478 32.10649408528496 31.672992841570498 26.54905587701449 21.065414469012676 44.78330561489346 45.013595612131425 19.957688775302998 44.2665016462163 13.589240444561556 4.46004597484173
97.62770944763199 99.08732424670399 71.7068366196193 58.580144314949465 91.45381627854442 79.34722155384603 98.5105850746101 93.66811373123434 68.51180767043321 90.13605731332383 44.84783677782404 31.26747986029645 20.17834999001711 20.878746792965835 26.05672960250887 12.516149754839994 15.923253326732711 18.742708855005635 10.997515006611255 11.253006075748996
26.388897887534824 42.33569720025335 35.720757124683765 48.4956418713764 65.09931635527239 95.38235472269878 103.9674833715482 98.30291848233492 97.02685999941117 88.32475207575845 71.07727908033584 39.79790696351152 27.334542820808842 22.95559792972815 8.142830097976532 20.933676773541556 41.77548675328067 7.2123694635479145 5.029033639445492 8.43835000354328
