47.63999695944938 56.17951423883419 47.253789835405065 44.10523035388201 97.25644164967372 93.63176955550384 100.0540863521943 96.59556803284087 103.44715785737918 97.22928495111614 62.93015682236552 49.32672543519622 65.58858878122476 28.112815937937206 17.98435906498979 3.017442664333297 48.22590127368897 29.45298478424734 11.82238895254842 6.092863934300198
17.105679452182756 31.25754199255967 97.91699457583314 94.75433329930928 94.27418033168533 79.07589705458385 101.72613225082837 96.47027080729737 98.86686246625655 104.85903931571305 72.86817794777367 44.62717387825697 78.73099856340313 45.643676326079486 9.08607294817732 12.83983173979408 14.649384067369361 17.699445819929863 24.28618581316274 46.575846446829885
39.52211671383242 51.82668559584315 72.4795125142744 80.28035298642891 57.822429971071536 45.77006333705847 50.572739177387454 76.52916259829846 91.65173457988251 96.39922643312333 81.42909075526791 42.91183530267322 44.30739582892261 35.65809553930741 42.33836883701356 17.469929071441406 33.23489292994344 12.502732706620392 6.245077644323725 15.628120436670855
21.9890401350933 39.586043379299035 52.86419471861694 70.08590642372678 63.912501876436295 37.10343564281388 54.07265041895141 62.69048731180908 73.02783594498865 97.76522868507975 90.43244726151956 48.322134090403566 54.57685111406726 52.311444011654146 38.1760423137207 27.239394278213247 12.555127367920294 15.270318938653421 19.80570353452684 13.274118492321596
57.78313732024412 43.248886092210974 22.574250761040716 26.0104479542232 30.25224208461092 38.255118918050705 44.51437053784314 99.57396575063022 82.89550330670488 64.69667855561808 56.96652991316751 45.52207797520457 62.38944576054288 56.27776366841806 46.91188643919549 51.1457472621577 31.98264252838914 18.147853244704287 23.127520585498544 30.71348300550592
16.854592864678732 21.22886242902278 16.445454643351887 29.008780810640154 45.11991153840372 83.04631838453503 81.2870913230412 76.97834339644363 72.59092403917178 51.29910386798198 73.52124229958595 37.64641000787569 36.85974608317193 61.84596396478796 64.22161843187781 41.17545390154014 23.885943289311122 52.1345009457525 10.89174930125929 11.851616736669968
12.278359510554656 20.945009743453138 42.94989150789062 70.37512845475298 91.9678398918058 100.40326165135285 98.67670964605101 91.2015093042708 47.67304636933454 48.80195857286874 42.17312558807337 34.6896665918848 67.17710585074292 41.03189363838648 61.72037330868507 29.484688581055188 7.599165480586715 16.014968484315276 25.998883543010617 19.462784467308516
36.20535359707649 45.81505980020515 89.8331458351046 99.68469074762996 104.6657133211147 97.969995891915 94.13420002065585 73.42906056491573 83.03751631544068 60.04763441341432 34.07636751483543 29.924892890701674 27.19067122708405 22.31309740759521 46.06500073724378 45.5240125608903 21.585409660140805 45.57299225513444 14.244544062277836 3.3896511389599224
98.77462801702333 100.66065544447125 72.55633063959836 59.498846911773356 93.23499256023847 79.79273544212134 99.96654567960341 94.56796953337333 68.24210892520654 89.76180036255279 43.133224347812245 31.746736556612618 18.762261536361763 21.17581484039108 26.298629644997465 11.895535324019615 16.398848880262097 19.579045585266023 11.283669958696525 12.443642710786653
25.156160619858188 41.86026855562056 34.672595965548986 49.42738198860748 63.869523478378845 95.9135777533895 103.06466960756005 98.94667276325359 97.56976733262208 87.4289498270974 71.53045200604363 38.02682907452434 27.953635681168386 21.55914666132839 7.130425346149664 19.508125095923027 42.93460812251536 7.354146434522054 5.053463068594519 7.669390254762438
