48.40163038070746 54.25315204282076 47.907228621084705 42.834277824207774 98.48805475205498 92.98730917435896 102.03933153502383 95.85697825961041 103.17289274413673 96.57796552061387 61.89244975108321 51.09459503291791 64.80154372782282 30.0446289021925 16.656546898185304 3.5522309048717364 49.69896652154048 29.614145316472513 11.344022867841385 6.180353698176166
16.18636952424325 29.990636341228253 99.6140361871666 94.45941634929554 93.39902884853039 78.40608682153757 101.40318878636785 95.18664211465841 99.36450038303546 103.83460127411527 72.70333954862689 46.08324790915512 78.0968916871809 44.01140832875145 7.214962825683214 11.237200639635834 15.875148999255828 19.5697482317202 24.65244041103194 45.496884388348676
40.77361867543213 52.7337753273149 70.50438055003866 80.32484965895804 58.35269636842781 45.14579522669032 49.49943340068055 75.38849855962945 92.74862750292861 94.74052480924263 82.79075370003572 41.0861484343073 44.68273966067966 36.88141977293302 42.84128571532133 18.43911180634022 34.37281145667736 13.038926291628346 5.999888688075797 15.053360350457762
22.127953093502615 38.057176301668314 52.33742211266082 68.55704171077484 64.3215010214163 35.95271664009819 55.21945060748652 63.675949368641746 71.48054550646282 99.0605706740782 91.30971576517993 47.80293088057583 55.72038210389599 53.468100606502766 40.071811244181745 25.440894482230206 12.090283745686662 15.947813489182185 21.011608273628664 15.181385647787888
58.180478843902804 42.37326593726308 22.748038952899318 26.553985253507953 30.138570693301983 37.8776989837184 46.454934353895155 100.54414690090873 82.01428001273501 62.89566885094801 57.007381481801275 47.37207582748182 62.47793447594318 54.38102273869043 48.0308558032324 52.81141570873726 32.15737099079735 19.501696961011767 23.86498286175888 31.159767955528004
18.73636415511464 23.02370873949221 15.050619732996942 27.563700251587353 44.89511797516274 82.18898752768851 82.42257236381286 76.3013934563918 70.97839070262852 51.33674917368913 73.85447759951545 36.71881111995471 35.87403389483936 61.21648175070705 64.84814034789511 41.26151729763865 22.939917507407998 52.27252936107905 12.708547216507023 12.481831261392111
11.152662024217216 21.121284458692664 41.94110068295359 69.63019029433298 91.16295977209606 99.05028373020923 99.97792950534011 93.12628433621163 47.244395676028084 48.4454684379628 43.89510650343287 32.95267736211111 66.83497595842424 40.828478000377615 61.83881113154074 30.653487752793705 7.445614200735374 16.027435801492878 25.92391106209277 20.171816190216965
37.81227790571191 47.28734558309626 90.0005547729207 100.0678720299346 102.99161911822839 97.11453595505395 92.674134989959 73.36365760051157 82.32365858047336 58.39229394255966 34.9372733203762 28.789133409425187 28.720868592525587 24.30185931643179 46.00517266617823 44.9494296857298 21.562303512145682 45.663809075607716 13.347339408657476 3.924264848356419
97.35648393206273 99.55997976794382 72.16144686437679 61.18224543753423 93.00286173831381 80.10940697187583 99.32398345841702 96.2561734176907 68.88784476295642 89.55696932014348 41.874985655802156 33.40431147226914 20.753689788019475 22.4369962653303 26.48382022397177 13.144065782202055 17.052619108899165 18.309853274668708 13.246151140591275 11.022958357760452
24.638979440659845 41.631442104951915 33.16569196325076 48.25153170284754 62.76357348873531 95.204431551792 102.23814063337015 100.7526544994942 98.54991023617846 88.03427882513171 73.03892799466185 36.95657917444376 26.802111528295423 20.395822085768614 6.335167407163437 19.85162510783986 44.927731933932165 5.744658395761965 4.820576852935094 9.477780699104628
