48.22348764763238 55.94122252529215 46.426113691104405 44.0175883168191 97.77650700528807 92.91513363980454 102.14041718028507 97.00572889282205 103.71527350665815 96.46179415341072 62.95921280634604 51.44732750064525 63.77372293941124 28.55231685066157 16.32890266083006 2.0575517456910237 49.7066840779597 28.563723645874557 9.977366361036816 5.151513725707103
15.608258399854135 29.470052298180097 101.51258177431697 95.62522948551076 92.04341640773657 79.81719409628673 100.52632702316885 95.32246456611338 98.36280445217619 105.75467184720858 73.09292155617557 46.37535581791388 79.68429007205997 42.3027668816461 7.920038872309458 13.060443145372867 16.888085972274304 19.525695652942762 23.995029800533256 45.04520859820123
41.04556603102381 52.792195710589084 70.32729721529178 79.1915357082022 59.698899798408405 43.70104563411189 48.31277427625393 75.03185705402863 94.6266510722596 94.50174561304323 80.96263518080129 42.388732380733444 45.15926826603402 37.46443971733987 42.29010505694981 17.300411667695684 36.11227396844988 12.266082605666817 4.824494237122446 14.870043580440722
20.844358412125104 37.17751794363438 53.63066508125111 68.987355129247 65.33345066486639 37.08987824846443 56.32122722470184 62.02927161306763 69.67061494323507 98.9943345719816 92.55051396892762 47.45171896490197 56.764814913930074 52.746153520447955 41.90478158988515 25.393272635333915 12.757675289991848 15.157385393670467 22.5868638722027 14.237186433286208
57.523025187547226 41.07494726971281 21.24544151005636 27.08714488983243 28.321403039866873 38.971180159170096 46.30725295946458 100.63484795385855 81.78693559625191 63.20085138636781 56.12680089315525 45.548844596899926 62.68362653885764 52.49082226450238 50.01753743221539 53.70232615514946 31.99309110708396 17.857325247544836 23.653136519248662 31.46961530763546
18.908161935549952 24.578100180119314 14.496451702211488 26.866373218301476 46.6143428904173 82.24306842903343 80.554046116535 76.08265731004553 70.98491459315929 53.086094159629546 75.1662190728317 35.61725827874926 36.56268530423273 60.52380251847529 62.935340917369466 42.472497835971026 21.3954173675414 50.41156185025993 12.86195577524372 13.748529722662084
10.783195990685028 19.726112406597878 41.20094473192372 69.3213156217525 91.08319203259738 99.91407959227959 99.19329516775245 92.3788974543912 48.04022100809385 49.017910952037006 44.5972979028592 33.99903286196523 67.01128736483017 40.740702140455255 63.52468489864097 29.50567571835476 9.298987480267993 15.700679858502387 25.18729828994756 21.40951298482066
38.54210071652271 48.49841476878432 88.28089043058455 99.066936331937 103.69502836481637 96.28712154588042 93.04586063480897 72.05290275449852 81.64942139952603 59.06363906445319 35.73424873403301 30.138025405386507 28.57508753572448 23.771340092218303 46.523541547010005 44.35312904289583 21.09400042057925 47.343308301280445 14.329150634229501 2.188044839104746
96.23441876275247 100.7771879877257 70.45234570079116 60.71811265146067 92.82036189913083 80.4594655091245 98.06389602341577 94.57808145471671 68.51919299011618 90.3894527895815 40.695981773024386 31.428198023979057 18.916800823532597 22.093235962066448 27.41736547347315 14.23655842699675 16.577740456158267 19.933126299888926 14.016783181140575 11.761819800278099
23.180395611628686 40.09981552398382 32.53052804054184 49.07893576262785 61.602645240841554 97.08314940971955 101.39456342277526 99.3341175925634 97.4369313655995 88.29103892458124 71.55283031395783 38.7373062376778 27.86821769952833 20.135612548410435 5.033518959974675 21.730534291190427 43.059085138954416 6.831663846684322 6.386015460841238 11.438965607313346
